# Per-step geometry/movement diagnostic. If dx/drot stay zero, the motion solver is not moving that part.
step	patch	coeff_source	load_source	force_N	moment_Nm	moved_m	rotated_rad	cofr_x	cofr_y	cofr_z	bbox_xmin	bbox_xmax	bbox_ymin	bbox_ymax	bbox_zmin	bbox_zmax
0	Part_1_5	Part_1_5	OpenFOAM-forces	12.990401	0.016580493	0.02	0.17453293	-0.039477039	0.046013125	-0.0094005281	-0.072356363	-0.0063891743	0.023656029	0.071312643	-0.027082415	0.01274799
0	Part_1_4	Part_1_4	OpenFOAM-forces	13.007433	0.016900029	0.02	0.17453293	-0.039510505	0.043726405	0.056222587	-0.072322267	-0.0064186141	0.021555911	0.061396598	0.033930646	0.081508115
0	Part_1_1	Part_1_1	OpenFOAM-forces	3.9956122	0.074979194	0	0	-0.00057235093	0.012022757	0.022313624	-0.055104251	0.053959549	-0.006477243	0.030522757	0.0038136236	0.040813624
0	Part_1_2	Part_1_2	OpenFOAM-forces	6.861512	0.0034074224	0.02	0.14505208	-0.086604004	0.011977459	0.02222963	-0.088289675	-0.084918687	-0.025986725	0.049983517	-0.015668753	0.060311424
0	Part_1_3	Part_1_3	OpenFOAM-forces	13.035052	0.016846963	0.02	0.17453293	-0.039479504	-0.021897556	0.054058324	-0.072306702	-0.0064110295	-0.04720518	0.0004088583	0.031906917	0.071689404
0	Part_1_6	Part_1_6	OpenFOAM-forces	13.009567	0.016529609	0.02	0.17453293	-0.039499433	-0.019675969	-0.011635704	-0.072345447	-0.0064001035	-0.037368521	0.0024883835	-0.036922197	0.010689281
1	Part_1_5	Part_1_5	OpenFOAM-forces	5.8240152	0.14784472	0.02	0.17453293	-0.047562021	0.062371369	-0.027482507	-0.080751927	-0.013831043	0.039310743	0.093427313	-0.041109745	-0.0047532103
1	Part_1_4	Part_1_4	OpenFOAM-forces	5.9753079	0.14730983	0.02	0.17453293	-0.047592151	0.06180383	0.072577826	-0.080717802	-0.013838732	0.039046372	0.075464862	0.049580128	0.1036293
1	Part_1_1	Part_1_1	OpenFOAM-forces	1.308449	0.22871234	0	0	-0.00057235093	0.012022757	0.022313624	-0.055104251	0.053959549	-0.006477243	0.030522757	0.0038136236	0.040813624
1	Part_1_2	Part_1_2	OpenFOAM-forces	25.817253	0.024489807	0.02	0.17453293	-0.10659492	0.011440781	0.021658781	-0.10896429	-0.10423679	-0.026278804	0.049719967	-0.015992012	0.060014528
1	Part_1_3	Part_1_3	OpenFOAM-forces	6.0661579	0.14758043	0.02	0.17453293	-0.047517471	-0.038249346	0.072152032	-0.080651414	-0.013781989	-0.069320067	-0.015255765	0.049408704	0.085779443
1	Part_1_6	Part_1_6	OpenFOAM-forces	5.8943699	0.14765982	0.02	0.17453293	-0.047558382	-0.037741731	-0.028034805	-0.080714868	-0.013811447	-0.051389478	-0.014986317	-0.059078854	-0.0050024811
2	Part_1_5	Part_1_5	OpenFOAM-forces	4.8527362	0.15078355	0.02	0.17453293	-0.058400389	0.066199404	-0.046109115	-0.091680698	-0.02425235	0.04346673	0.10230023	-0.056759872	-0.024292759
2	Part_1_4	Part_1_4	OpenFOAM-forces	4.8207592	0.14940634	0.02	0.17453293	-0.058370593	0.080486749	0.07636614	-0.091584339	-0.024194679	0.058646239	0.091201739	0.053704186	0.11247981
2	Part_1_1	Part_1_1	OpenFOAM-forces	0.8450104	0.2404923	0	0	-0.00057235093	0.012022757	0.022313624	-0.055104251	0.053959549	-0.006477243	0.030522757	0.0038136236	0.040813624
2	Part_1_2	Part_1_2	OpenFOAM-forces	24.775565	0.025781682	0.02	0.17453293	-0.12657187	0.0118985	0.020348436	-0.12945093	-0.12372338	-0.025947418	0.050029355	-0.016979454	0.059041053
2	Part_1_3	Part_1_3	OpenFOAM-forces	4.9038519	0.14978399	0.02	0.17453293	-0.058252436	-0.042111156	0.090814176	-0.09147423	-0.024096566	-0.078234944	-0.019456683	0.06897589	0.1014815
2	Part_1_6	Part_1_6	OpenFOAM-forces	4.905279	0.15072355	0.02	0.17453293	-0.058378698	-0.056345793	-0.031928461	-0.091629944	-0.024217767	-0.067009001	-0.034495326	-0.068016274	-0.0092111547
3	Part_1_5	Part_1_5	OpenFOAM-forces	4.6105464	0.1476267	0.02	0.17453293	-0.071339781	0.065216891	-0.064405801	-0.10460707	-0.036894852	0.043749559	0.10550211	-0.07340866	-0.044889219
3	Part_1_4	Part_1_4	OpenFOAM-forces	4.5303674	0.14725591	0.02	0.17453293	-0.07131104	0.098791295	0.075325188	-0.10450653	-0.036833598	0.0792591	0.10789648	0.053928409	0.11563316
3	Part_1_1	Part_1_1	OpenFOAM-forces	0.40793278	0.24654822	0	0	-0.00057235093	0.012022757	0.022313624	-0.055104251	0.053959549	-0.006477243	0.030522757	0.0038136236	0.040813624
3	Part_1_2	Part_1_2	OpenFOAM-forces	25.309701	0.026038257	0.02	0.17453293	-0.14652658	0.012349953	0.018854763	-0.14994932	-0.1431633	-0.025539513	0.050423119	-0.018195994	0.057818841
3	Part_1_3	Part_1_3	OpenFOAM-forces	4.4924132	0.14960156	0.02	0.17453293	-0.071117268	-0.041210117	0.10911777	-0.10432278	-0.036661924	-0.081521601	-0.019824329	0.089564548	0.11814882
3	Part_1_6	Part_1_6	OpenFOAM-forces	4.6199295	0.14802774	0.02	0.17453293	-0.071299227	-0.074657233	-0.030978063	-0.1045347	-0.036840417	-0.083677298	-0.055098719	-0.071256324	-0.0095273471
4	Part_1_5	Part_1_5	OpenFOAM-forces	4.3318177	0.15857211	0.02	0.17453293	-0.085531757	0.059912091	-0.081724024	-0.11873328	-0.050883358	0.040576603	0.10338483	-0.090408445	-0.064405931
4	Part_1_4	Part_1_4	OpenFOAM-forces	4.3898054	0.15830534	0.02	0.17453293	-0.085463894	0.1162125	0.069833781	-0.1185836	-0.050781665	0.098870694	0.12505634	0.050589729	0.11335763
4	Part_1_1	Part_1_1	OpenFOAM-forces	1.0428767	0.24246734	0	0	-0.00057235093	0.012022757	0.022313624	-0.055104251	0.053959549	-0.006477243	0.030522757	0.0038136236	0.040813624
4	Part_1_2	Part_1_2	OpenFOAM-forces	25.204032	0.026743756	0.02	0.17453293	-0.16641529	0.012755549	0.016284726	-0.17062868	-0.16232117	-0.025117297	0.050844225	-0.020376772	0.05560348
4	Part_1_3	Part_1_3	OpenFOAM-forces	4.4450002	0.15788361	0.02	0.17453293	-0.085244219	-0.03576704	0.12657366	-0.11836864	-0.050589286	-0.079293637	-0.016556048	0.10919162	0.13533548
4	Part_1_6	Part_1_6	OpenFOAM-forces	4.4512062	0.15779091	0.02	0.17453293	-0.085479292	-0.092032189	-0.025624619	-0.11864364	-0.050819395	-0.10074918	-0.074664819	-0.069103883	-0.0063186509
5	Part_1_5	Part_1_5	OpenFOAM-forces	4.6957383	0.15129477	0.02	0.17453293	-0.10086521	0.050043689	-0.09740253	-0.13395711	-0.066076695	0.033632401	0.095610699	-0.1072376	-0.079633654
5	Part_1_4	Part_1_4	OpenFOAM-forces	4.5952978	0.14974923	0.02	0.17453293	-0.10089577	0.13175505	0.059845022	-0.13389837	-0.066077047	0.11398557	0.14179804	0.043500875	0.10544965
5	Part_1_1	Part_1_1	OpenFOAM-forces	1.5031402	0.24482475	0	0	-0.00057235093	0.012022757	0.022313624	-0.055104251	0.053959549	-0.006477243	0.030522757	0.0038136236	0.040813624
5	Part_1_2	Part_1_2	OpenFOAM-forces	26.814052	0.032762828	0.02	0.17453293	-0.18620532	0.014186907	0.01284812	-0.19126271	-0.18135277	-0.02376415	0.052218657	-0.023413731	0.05249707
5	Part_1_3	Part_1_3	OpenFOAM-forces	4.7616301	0.14797824	0.02	0.17453293	-0.10061848	-0.025773992	0.14222342	-0.133626	-0.065828713	-0.071394944	-0.0094892428	0.12441156	0.15218373
5	Part_1_6	Part_1_6	OpenFOAM-forces	4.84938	0.14962783	0.02	0.17453293	-0.10080085	-0.10778116	-0.015629399	-0.13385179	-0.066003843	-0.11767578	-0.089982591	-0.061220201	0.00073810276
6	Part_1_5	Part_1_5	OpenFOAM-forces	4.6747793	0.15431605	0.02	0.17453293	-0.11706107	0.036051203	-0.11066365	-0.15001654	-0.082185875	0.023203848	0.082510987	-0.12357082	-0.093217999
6	Part_1_4	Part_1_4	OpenFOAM-forces	4.6054493	0.1523409	0.02	0.17453293	-0.11738803	0.14461307	0.045690412	-0.15024327	-0.082487251	0.12738581	0.1575814	0.032840045	0.092135662
6	Part_1_1	Part_1_1	OpenFOAM-forces	1.829315	0.23831864	0	0	-0.00057235093	0.012022757	0.022313624	-0.055104251	0.053959549	-0.006477243	0.030522757	0.0038136236	0.040813624
6	Part_1_2	Part_1_2	OpenFOAM-forces	26.965657	0.037284352	0.02	0.17453293	-0.20591055	0.014587063	0.0087271446	-0.21178052	-0.2003521	-0.023189743	0.052790265	-0.027137358	0.048675665
6	Part_1_3	Part_1_3	OpenFOAM-forces	4.5493992	0.15520815	0.02	0.17453293	-0.11686804	-0.011750784	0.15537739	-0.14973728	-0.081995658	-0.058249711	0.00099305341	0.13803109	0.16828293
6	Part_1_6	Part_1_6	OpenFOAM-forces	4.5423997	0.15695785	0.02	0.17453293	-0.11695626	-0.1210767	-0.0015958974	-0.14987427	-0.082077282	-0.13397251	-0.10367062	-0.048084462	0.011206558
7	Part_1_5	Part_1_5	OpenFOAM-forces	4.8159444	0.14807183	0.02	0.17453293	-0.1338613	0.018493275	-0.12085113	-0.16666403	-0.098962966	0.0097080421	0.064570491	-0.13905525	-0.10409507
7	Part_1_4	Part_1_4	OpenFOAM-forces	4.8117575	0.1486274	0.02	0.17453293	-0.13444014	0.15438169	0.028032692	-0.16713725	-0.099523315	0.13789351	0.17268376	0.019161796	0.074036583
7	Part_1_1	Part_1_1	OpenFOAM-forces	2.059928	0.23134225	0	0	-0.00057235093	0.012022757	0.022313624	-0.055104251	0.053959549	-0.006477243	0.030522757	0.0038136236	0.040813624
7	Part_1_2	Part_1_2	OpenFOAM-forces	26.575994	0.035258975	0.02	0.17453293	-0.22561529	0.01387975	0.0047724181	-0.23205042	-0.2195789	-0.023507435	0.052451135	-0.030840034	0.044887518
7	Part_1_3	Part_1_3	OpenFOAM-forces	4.6660217	0.14861751	0.02	0.17453293	-0.13374052	0.0057616497	0.16541493	-0.16645614	-0.098847353	-0.04033231	0.014480611	0.14877322	0.18362434
7	Part_1_6	Part_1_6	OpenFOAM-forces	4.7797513	0.14853909	0.02	0.17453293	-0.13372577	-0.13128092	0.016028033	-0.16649329	-0.098828894	-0.14948646	-0.11457225	-0.030080929	0.024765375
8	Part_1_5	Part_1_5	OpenFOAM-forces	4.3342625	0.14991136	0.02	0.17453293	-0.15134199	-0.0016681667	-0.12698112	-0.18399163	-0.11647962	-0.0061467725	0.042644624	-0.15161076	-0.11177706
8	Part_1_4	Part_1_4	OpenFOAM-forces	4.2035341	0.15548374	0.02	0.17453293	-0.15226302	0.1599195	0.0078600742	-0.18479508	-0.11738531	0.14505429	0.1846789	0.0031736256	0.052021525
8	Part_1_1	Part_1_1	OpenFOAM-forces	2.1586617	0.22796446	0	0	-0.00057235093	0.012022757	0.022313624	-0.055104251	0.053959549	-0.006477243	0.030522757	0.0038136236	0.040813624
8	Part_1_2	Part_1_2	OpenFOAM-forces	26.651933	0.036035544	0.02	0.17453293	-0.24527273	0.011854963	0.00059542146	-0.25221322	-0.23882085	-0.024992838	0.050982019	-0.034862829	0.04078424
8	Part_1_3	Part_1_3	OpenFOAM-forces	4.395316	0.14897858	0.02	0.17453293	-0.15141606	0.025916026	0.17122832	-0.1839767	-0.11655899	-0.018365833	0.030400335	0.15617652	0.19588408
8	Part_1_6	Part_1_6	OpenFOAM-forces	4.3622	0.1477609	0.02	0.17453293	-0.15140678	-0.13708805	0.036153263	-0.18401697	-0.11654755	-0.16172239	-0.12195299	-0.0081464831	0.040642692
9	Part_1_5	Part_1_5	OpenFOAM-forces	4.074222	0.14524663	0.02	0.17453293	-0.16924534	-0.023254489	-0.12878595	-0.20175399	-0.13447606	-0.023660975	0.020199902	-0.16041979	-0.11365698
9	Part_1_4	Part_1_4	OpenFOAM-forces	4.498416	0.1395218	0.02	0.17453293	-0.17044861	0.16116411	-0.013784947	-0.20283613	-0.13566385	0.14640674	0.19297304	-0.014537602	0.029448208
9	Part_1_1	Part_1_1	OpenFOAM-forces	2.5209356	0.2212439	0	0	-0.00057235093	0.012022757	0.022313624	-0.055104251	0.053959549	-0.006477243	0.030522757	0.0038136236	0.040813624
9	Part_1_2	Part_1_2	OpenFOAM-forces	27.874919	0.035703862	0.02	0.17453293	-0.26488868	0.0087177022	-0.0034776368	-0.27227914	-0.25807274	-0.027497322	0.0485002	-0.03892964	0.036658039
9	Part_1_3	Part_1_3	OpenFOAM-forces	4.2550343	0.14644597	0.02	0.17453293	-0.16950911	0.047504928	0.172687	-0.20192898	-0.13475042	0.0041196262	0.047998769	0.15771599	0.20436291
9	Part_1_6	Part_1_6	OpenFOAM-forces	4.4587985	0.14219918	0.02	0.17453293	-0.16943653	-0.13865113	0.057777333	-0.20190708	-0.13467616	-0.17030178	-0.12360139	0.014370066	0.05823876
10	Part_1_5	Part_1_5	OpenFOAM-forces	4.2653742	0.13906105	0.02	0.17453293	-0.18766491	-0.045716925	-0.12580306	-0.2200477	-0.15302306	-0.043328015	-0.0038144302	-0.16400004	-0.11111019
10	Part_1_4	Part_1_4	OpenFOAM-forces	4.3824525	0.14625782	0.02	0.17453293	-0.18903282	0.15770957	-0.036306869	-0.22129528	-0.15437755	0.14340696	0.19611955	-0.034388493	0.0052951032
10	Part_1_1	Part_1_1	OpenFOAM-forces	2.5309005	0.21117888	0	0	-0.00057235093	0.012022757	0.022313624	-0.055104251	0.053959549	-0.006477243	0.030522757	0.0038136236	0.040813624
10	Part_1_2	Part_1_2	OpenFOAM-forces	25.348515	0.034513258	0.02	0.17453293	-0.28450356	0.0043014745	-0.0068626926	-0.2922517	-0.27740247	-0.031203337	0.044786574	-0.04251242	0.033058266
10	Part_1_3	Part_1_3	OpenFOAM-forces	5.0870784	0.14172905	0.02	0.17453293	-0.18785645	0.070615427	0.16969919	-0.22015212	-0.15323584	0.028774011	0.068317014	0.1552757	0.20804618
10	Part_1_6	Part_1_6	OpenFOAM-forces	4.4943515	0.14447384	0.02	0.17453293	-0.1878706	-0.13552905	0.080598082	-0.22021958	-0.15325034	-0.17379837	-0.1209717	0.038760631	0.078273723
11	Part_1_5	Part_1_5	OpenFOAM-forces	4.3829846	0.14731822	0.02	0.17453293	-0.20632382	-0.068549727	-0.11819734	-0.23859956	-0.17182775	-0.064721794	-0.029533507	-0.1623267	-0.10489211
11	Part_1_4	Part_1_4	OpenFOAM-forces	4.1897799	0.14553769	0.02	0.17453293	-0.20801176	0.14937009	-0.05830643	-0.24016696	-0.17351223	0.13632542	0.19359866	-0.055126501	-0.019726463
11	Part_1_1	Part_1_1	OpenFOAM-forces	2.5585202	0.22025603	0	0	-0.00057235093	0.012022757	0.022313624	-0.055104251	0.053959549	-0.006477243	0.030522757	0.0038136236	0.040813624
11	Part_1_2	Part_1_2	OpenFOAM-forces	27.617518	0.037511987	0.02	0.17453293	-0.30412314	-0.0017664906	-0.0090585401	-0.312145	-0.29681224	-0.036462197	0.039471304	-0.045172421	0.030440869
11	Part_1_3	Part_1_3	OpenFOAM-forces	4.1800253	0.14329181	0.02	0.17453293	-0.20655203	0.093641634	0.16176855	-0.23873745	-0.17210659	0.054721269	0.089946783	0.14879027	0.20607289
11	Part_1_6	Part_1_6	OpenFOAM-forces	4.0696042	0.14374664	0.02	0.17453293	-0.20663682	-0.1275662	0.10316543	-0.23888193	-0.17219027	-0.17170837	-0.11436061	0.064265362	0.099436702
12	Part_1_5	Part_1_5	OpenFOAM-forces	4.2824791	0.14719448	0.02	0.17453293	-0.2251431	-0.090425207	-0.10601575	-0.25733434	-0.19080478	-0.086595782	-0.055593605	-0.15515884	-0.094892475
12	Part_1_4	Part_1_4	OpenFOAM-forces	4.5910721	0.15139748	0.02	0.17453293	-0.22709185	0.13655681	-0.07981375	-0.25915756	-0.19276294	0.12564845	0.18576725	-0.076784074	-0.045525497
12	Part_1_1	Part_1_1	OpenFOAM-forces	2.7384703	0.21679134	0	0	-0.00057235093	0.012022757	0.022313624	-0.055104251	0.053959549	-0.006477243	0.030522757	0.0038136236	0.040813624
12	Part_1_2	Part_1_2	OpenFOAM-forces	27.582732	0.040886284	0.02	0.17453293	-0.32370429	-0.0094636871	-0.0097095769	-0.33198154	-0.31621113	-0.043304744	0.032512075	-0.046566365	0.029139617
12	Part_1_3	Part_1_3	OpenFOAM-forces	4.2352644	0.14846183	0.02	0.17453293	-0.22558023	0.11561374	0.14883496	-0.25767091	-0.1913425	0.080956932	0.1120221	0.13812434	0.1981725
12	Part_1_6	Part_1_6	OpenFOAM-forces	4.5982434	0.1427525	0.02	0.17453293	-0.22564819	-0.1147577	0.12490781	-0.25781703	-0.19139325	-0.16387818	-0.10373009	0.090280923	0.1212485
13	Part_1_5	Part_1_5	OpenFOAM-forces	5.4442802	0.14695386	0.02	0.17453293	-0.24389253	-0.11174392	-0.089271899	-0.27601758	-0.2097358	-0.10936806	-0.080828397	-0.14253879	-0.081264487
13	Part_1_4	Part_1_4	OpenFOAM-forces	4.8483126	0.14375354	0.02	0.17453293	-0.24624391	0.11928348	-0.09979108	-0.27823651	-0.21211153	0.11127857	0.17242365	-0.098369207	-0.069478616
13	Part_1_1	Part_1_1	OpenFOAM-forces	2.5382244	0.2052253	0	0	-0.00057235093	0.012022757	0.022313624	-0.055104251	0.053959549	-0.006477243	0.030522757	0.0038136236	0.040813624
13	Part_1_2	Part_1_2	OpenFOAM-forces	28.34853	0.03972576	0.02	0.17453293	-0.34328987	-0.017821165	-0.0083152795	-0.35177468	-0.33565734	-0.050913436	0.024744755	-0.046183588	0.029643627
13	Part_1_3	Part_1_3	OpenFOAM-forces	4.3840954	0.14387242	0.02	0.17453293	-0.24468097	0.13594336	0.13132251	-0.27670339	-0.21067584	0.10526475	0.13394077	0.12362435	0.18462553
13	Part_1_6	Part_1_6	OpenFOAM-forces	4.1142018	0.14420185	0.02	0.17453293	-0.24478211	-0.097568579	0.144499	-0.27689949	-0.21073359	-0.15050292	-0.089368925	0.11387229	0.14236544
14	Part_1_5	Part_1_5	OpenFOAM-forces	4.338216	0.13941117	0.02	0.17453293	-0.2629992	-0.12998137	-0.067777165	-0.29507284	-0.22902966	-0.13065468	-0.10055452	-0.12386884	-0.063422178
14	Part_1_4	Part_1_4	OpenFOAM-forces	4.6868133	0.14591933	0.02	0.17453293	-0.26547227	0.097622146	-0.11735682	-0.29740974	-0.23155714	0.093164349	0.15349117	-0.11904167	-0.08855642
14	Part_1_1	Part_1_1	OpenFOAM-forces	3.1620918	0.2071669	0	0	-0.00057235093	0.012022757	0.022313624	-0.055104251	0.053959549	-0.006477243	0.030522757	0.0038136236	0.040813624
14	Part_1_2	Part_1_2	OpenFOAM-forces	26.229808	0.039127574	0.02	0.17453293	-0.36285198	-0.02574498	-0.0057316507	-0.37152828	-0.35508427	-0.058314026	0.017175532	-0.044734452	0.031195316
14	Part_1_3	Part_1_3	OpenFOAM-forces	4.4460214	0.14092658	0.02	0.17453293	-0.26392595	0.15351288	0.1093386	-0.29590469	-0.23017278	0.12435785	0.15462429	0.10524002	0.16535175
14	Part_1_6	Part_1_6	OpenFOAM-forces	3.9912837	0.14418212	0.02	0.17453293	-0.26410734	-0.076137827	0.16128699	-0.29619234	-0.230266	-0.13162048	-0.071336858	0.13214286	0.16217507
15	Part_1_5	Part_1_5	OpenFOAM-forces	3.8285683	0.1574059	0.02	0.17453293	-0.28227826	-0.14398619	-0.042790305	-0.31431489	-0.24849234	-0.1491179	-0.11716434	-0.10020594	-0.042382886
15	Part_1_4	Part_1_4	OpenFOAM-forces	4.0858567	0.14364078	0.02	0.17453293	-0.28471312	0.072208795	-0.13141232	-0.31661776	-0.25102172	0.071719539	0.12942711	-0.13762933	-0.10527067
15	Part_1_1	Part_1_1	OpenFOAM-forces	2.5121572	0.19569424	0	0	-0.00057235093	0.012022757	0.022313624	-0.055104251	0.053959549	-0.006477243	0.030522757	0.0038136236	0.040813624
15	Part_1_2	Part_1_2	OpenFOAM-forces	27.317959	0.040233351	0.02	0.17453293	-0.38242058	-0.033128156	-0.0019231631	-0.39124228	-0.37454154	-0.06545268	0.0098927172	-0.042153236	0.033843625
15	Part_1_3	Part_1_3	OpenFOAM-forces	4.275202	0.14777098	0.02	0.17453293	-0.28319226	0.16736326	0.08369705	-0.31515297	-0.2497012	0.14085143	0.17300092	0.083593525	0.14100799
15	Part_1_6	Part_1_6	OpenFOAM-forces	4.7357815	0.14373283	0.02	0.17453293	-0.28342139	-0.051118027	0.17493663	-0.31549281	-0.24979688	-0.10782862	-0.050218063	0.14836669	0.18022695
16	Part_1_5	Part_1_5	OpenFOAM-forces	4.0733219	0.14482082	0.02	0.17453293	-0.30168794	-0.15375249	-0.014455197	-0.33370615	-0.26809588	-0.16469294	-0.1306669	-0.071724185	-0.018255844
16	Part_1_4	Part_1_4	OpenFOAM-forces	4.9405509	0.1321038	0.02	0.17453293	-0.30384728	0.043281038	-0.1416953	-0.33574145	-0.2704006	0.047117965	0.10046547	-0.1538058	-0.11935202
16	Part_1_1	Part_1_1	OpenFOAM-forces	3.4678943	0.19786328	0	0	-0.00057235093	0.012022757	0.022313624	-0.055104251	0.053959549	-0.006477243	0.030522757	0.0038136236	0.040813624
16	Part_1_2	Part_1_2	OpenFOAM-forces	26.892141	0.040108869	0.02	0.17453293	-0.40197549	-0.039844002	0.0025722351	-0.41090605	-0.39399605	-0.072217341	0.0030282656	-0.038882456	0.03713504
16	Part_1_3	Part_1_3	OpenFOAM-forces	4.3290672	0.14478869	0.02	0.17453293	-0.30245623	0.17707961	0.054652881	-0.33442724	-0.2692331	0.15434715	0.18860855	0.058824949	0.1118193
16	Part_1_6	Part_1_6	OpenFOAM-forces	3.9742888	0.1413017	0.02	0.17453293	-0.30270828	-0.023198252	0.18447027	-0.33478656	-0.26930268	-0.079683341	-0.026480114	0.16151786	0.1954329
17	Part_1_5	Part_1_5	OpenFOAM-forces	4.6692025	0.13060131	0.02	0.17453293	-0.32106399	-0.15899166	0.016510428	-0.35308281	-0.28767335	-0.17778562	-0.13996127	-0.039148441	0.0083667327
17	Part_1_4	Part_1_4	OpenFOAM-forces	3.3142297	0.12840706	0.02	0.17453293	-0.32303718	0.012139523	-0.1466038	-0.35494049	-0.28984221	0.020294525	0.067690206	-0.16618055	-0.12868776
17	Part_1_1	Part_1_1	OpenFOAM-forces	2.78453	0.18421035	0	0	-0.00057235093	0.012022757	0.022313624	-0.055104251	0.053959549	-0.006477243	0.030522757	0.0038136236	0.040813624
17	Part_1_2	Part_1_2	OpenFOAM-forces	26.222792	0.041648451	0.02	0.17453293	-0.42150567	-0.045937571	0.0072412164	-0.43050079	-0.41343146	-0.078656719	-0.0034676238	-0.035364465	0.040631318
17	Part_1_3	Part_1_3	OpenFOAM-forces	4.0503414	0.12559585	0.02	0.17453293	-0.3217208	0.1816915	0.023215624	-0.35372369	-0.28877538	0.16324926	0.2008663	0.03171702	0.078695395
17	Part_1_6	Part_1_6	OpenFOAM-forces	3.7430107	0.14535991	0.02	0.17453293	-0.32198858	0.0069997854	0.18922567	-0.35409481	-0.28880286	-0.047752785	-0.00055888718	0.17004182	0.20796264
18	Part_1_5	Part_1_5	OpenFOAM-forces	3.1031451	0.13209939	0.02	0.17453293	-0.34036573	-0.15884405	0.048390502	-0.37239955	-0.30717529	-0.18652811	-0.14183575	-0.006351267	0.036354679
18	Part_1_4	Part_1_4	OpenFOAM-forces	3.7897141	0.12959264	0.02	0.17453293	-0.34219325	-0.020440541	-0.14594864	-0.37412962	-0.30926373	-0.0084273146	0.034168861	-0.17449997	-0.13019583
18	Part_1_1	Part_1_1	OpenFOAM-forces	3.3786674	0.19011117	0	0	-0.00057235093	0.012022757	0.022313624	-0.055104251	0.053959549	-0.006477243	0.030522757	0.0038136236	0.040813624
18	Part_1_2	Part_1_2	OpenFOAM-forces	26.654576	0.045438364	0.02	0.17453293	-0.441098	-0.05113523	0.012467226	-0.45006405	-0.43296829	-0.084507752	-0.0093244466	-0.031208987	0.04475307
18	Part_1_3	Part_1_3	OpenFOAM-forces	3.3980758	0.13126519	0.02	0.17453293	-0.34103002	0.18036996	-0.0094303399	-0.37308646	-0.30837829	0.16408227	0.20846906	0.0028931958	0.045006568
18	Part_1_6	Part_1_6	OpenFOAM-forces	3.5158343	0.1309404	0.02	0.17453293	-0.34121455	0.038424539	0.18877662	-0.37336668	-0.30824985	-0.015333118	0.026981942	0.17146079	0.21624892
19	Part_1_5	Part_1_5	OpenFOAM-forces	3.3184202	0.12796871	0.02	0.17453293	-0.35969491	-0.15287263	0.080337397	-0.39175909	-0.32668988	-0.1888955	-0.13803222	0.027394188	0.065912074
19	Part_1_4	Part_1_4	OpenFOAM-forces	3.8256307	0.12959477	0.02	0.17453293	-0.36141442	-0.05340692	-0.13912731	-0.39340309	-0.32874223	-0.039074874	-0.00066349021	-0.17615822	-0.12573336
19	Part_1_1	Part_1_1	OpenFOAM-forces	3.3091662	0.19157353	0	0	-0.00057235093	0.012022757	0.022313624	-0.055104251	0.053959549	-0.006477243	0.030522757	0.0038136236	0.040813624
19	Part_1_2	Part_1_2	OpenFOAM-forces	25.670874	0.045455823	0.02	0.17453293	-0.4607345	-0.055539437	0.018025813	-0.46960748	-0.45256727	-0.089822723	-0.014607318	-0.026607275	0.049390365
19	Part_1_3	Part_1_3	OpenFOAM-forces	3.2380156	0.12321885	0.02	0.17453293	-0.36038851	0.17250385	-0.041282588	-0.39251754	-0.32800297	0.15838661	0.20884209	-0.026775723	0.01110061
19	Part_1_6	Part_1_6	OpenFOAM-forces	4.5537984	0.13273568	0.02	0.17453293	-0.36034253	0.070987332	0.183098	-0.3925635	-0.32759834	0.018965989	0.057005038	0.16797661	0.21890129
