# Quasi-dynamic assembly motion log
# dt=0.02 s, default_mass=0.05 kg, default_inertia=0.0001 kg m^2
# This is a rigid-body approximation driven by OpenFOAM forces.dat/log loads, with panel fallback only if OpenFOAM loads are unavailable.
step	patch	material	material_source	mass_kg	density_kg_m3	mate_type	freedom_source	Cd	Cs	Cl	CmRoll	CmPitch	CmYaw	Fx_N	Fy_N	Fz_N	Mx_Nm	My_Nm	Mz_Nm	dx_m	dy_m	dz_m	droll_rad	dpitch_rad	dyaw_rad	total_x_m	total_y_m	total_z_m
0	Part_1_5	unknown	bom	0.046483876	1000	FREE	unmated	-0.209012	0	-0.6403783	0	0	0	-2.9121699	8.9522542	-8.951364	-0.012085162	0.0079822926	-0.0080712212	-0.0044835722	0.013782876	-0.013781506	-0.12721327	0.084024816	-0.084960915	-0.0044835722	0.013782876	-0.013781506
0	Part_1_4	unknown	bom	0.046483876	1000	FREE	unmated	-0.2089967	0	0.64163482	0	0	0	-2.9116126	8.9596781	8.9688345	-0.012428434	0.0080140972	0.0081804189	-0.0044768442	0.013776243	0.013790322	-0.12835309	0.082764583	0.084482249	-0.0044768442	0.013776243	0.013790322
0	Part_1_1	unknown	bom	0.091184936	1000	ANCHOR	assembly-root-anchor	-0.16469068	0	0.000114075	0	0	0	-3.9956111	0.00073026511	0.0027942558	-0.07497919	-5.4529951e-06	2.528809e-05	0	0	0	0	0	0	0	0	0
0	Part_1_2	unknown	bom	0.013592119	1000	FREE	unmated	-0.19404464	0	0.00014451559	0	0	0	-6.8615057	-0.0077576605	0.0050934039	-0.0034054885	-0.00011315719	1.9268697e-05	-0.019999982	-2.2612102e-05	1.4846302e-05	-0.14496975	-0.0048170386	0.00082025773	-0.019999982	-2.2612102e-05	1.4846302e-05
0	Part_1_3	unknown	bom	0.046483876	1000	FREE	unmated	-0.20885666	0	0.64251264	0	0	0	-2.9096696	-8.9879635	8.9812542	-0.012412097	-0.0080674711	0.008042135	-0.0044643773	-0.013790452	0.013780158	-0.12858813	-0.083578228	0.083315749	-0.0044643773	-0.013790452	0.013780158
0	Part_1_6	unknown	bom	0.046483876	1000	FREE	unmated	-0.20925389	0	-0.64134437	0	0	0	-2.9155568	-8.9653866	-8.9649431	-0.012082477	-0.0079443028	-0.0080081058	-0.0044821735	-0.013782759	-0.013782078	-0.12757653	-0.08388235	-0.084556033	-0.0044821735	-0.013782759	-0.013782078
1	Part_1_5	unknown	bom	0.046483876	1000	FREE	unmated	-0.3066686	0	-0.2138346	0	0	0	-4.1430975	2.7974737	-2.9879821	-0.14745614	0.010036059	-0.0037450964	-0.0079605973	0.012862346	-0.01308392	-0.17299147	0.019384434	-0.012646621	-0.012444169	0.03451195	-0.026865425
1	Part_1_4	unknown	bom	0.046483876	1000	FREE	unmated	-0.31096496	0	0.20591006	0	0	0	-4.2037704	3.1293264	2.8705289	-0.14689295	0.0039990211	0.010327361	-0.0079481386	0.013121351	0.012831883	-0.17291259	0.012874179	0.019930754	-0.012424983	0.026897595	0.034505183
1	Part_1_1	unknown	bom	0.091184936	1000	ANCHOR	assembly-root-anchor	0.041706388	0	-0.012106206	0	0	0	1.2595504	0.1908349	-0.29858614	-0.22871107	0.00041592632	-0.00063787335	0	0	0	0	0	0	0	0	0
1	Part_1_2	unknown	bom	0.013592119	1000	FREE	unmated	-0.73044089	0	-0.0011076899	0	0	0	-25.817205	-0.02825815	-0.040876841	-0.024332944	-0.0021922199	0.0016889866	-0.019999974	-2.2010117e-05	-2.397837e-05	-0.1735951	-0.014503786	0.010776041	-0.039999955	-4.4622219e-05	-9.1320686e-06
1	Part_1_3	unknown	bom	0.046483876	1000	FREE	unmated	-0.31136971	0	0.2303472	0	0	0	-4.2091821	-2.9528606	3.218955	-0.147144	-0.010686694	0.0037975866	-0.0078896711	-0.01284533	0.013143462	-0.17290027	-0.020169967	0.012665407	-0.012354048	-0.034521884	0.02692362
1	Part_1_6	unknown	bom	0.046483876	1000	FREE	unmated	-0.30749346	0	-0.20619092	0	0	0	-4.1548347	-3.0360255	-2.8746294	-0.14725941	-0.0038651733	-0.010156323	-0.0079302787	-0.013076481	-0.012888612	-0.17297047	-0.012656431	-0.0195646	-0.012412452	-0.02685924	-0.034546347
2	Part_1_5	unknown	bom	0.046483876	1000	FREE	unmated	-0.30822638	0	-0.15161938	0	0	0	-4.1616746	1.3172895	-2.1199673	-0.15067377	0.005600144	-0.0013163466	-0.010512456	0.011527924	-0.012513802	-0.17389227	0.013085115	-0.0072111339	-0.022956625	0.046039874	-0.039379227
2	Part_1_4	unknown	bom	0.046483876	1000	FREE	unmated	-0.3047236	0	0.092313754	0	0	0	-4.1140332	2.1587059	1.28625	-0.14930813	0.0011277709	0.0052976584	-0.010444783	0.012600032	0.011495465	-0.17387809	0.0072510706	0.013250467	-0.022869766	0.039497627	0.046000648
2	Part_1_1	unknown	bom	0.091184936	1000	ANCHOR	assembly-root-anchor	0.024437983	0	0.0010590936	0	0	0	0.84451566	0.012379405	0.026127409	-0.24049229	2.8388254e-05	4.9763698e-05	0	0	0	0	0	0	0	0	0
2	Part_1_2	unknown	bom	0.013592119	1000	FREE	unmated	-0.70087423	0	-0.012797186	0	0	0	-24.770557	-0.21904943	-0.44734188	-0.024971205	-0.0034650834	-0.0053969623	-0.019998752	-0.0001022253	-0.00019865795	-0.17298494	-0.019173988	-0.013050288	-0.059998707	-0.00014684752	-0.00020779002
2	Part_1_3	unknown	bom	0.046483876	1000	FREE	unmated	-0.30928393	0	0.15398499	0	0	0	-4.1774505	-1.4002057	2.1531593	-0.14969387	-0.005049543	0.0012212529	-0.010400642	-0.011577909	0.012560998	-0.17388271	-0.013221488	0.0071929479	-0.02275469	-0.046099793	0.039484618
2	Part_1_6	unknown	bom	0.046483876	1000	FREE	unmated	-0.31193777	0	-0.097857911	0	0	0	-4.2136467	-2.1087033	-1.3639333	-0.1506271	-0.0014872433	-0.0051818481	-0.010506365	-0.012473013	-0.011577575	-0.17389897	-0.0073118202	-0.012939342	-0.022918817	-0.039332253	-0.046123922
3	Part_1_5	unknown	bom	0.046483876	1000	FREE	unmated	-0.30885376	0	-0.13502436	0	0	0	-4.1735482	0.51852351	-1.8893827	-0.14757774	0.0037915259	0.00027753913	-0.01246339	0.0099834297	-0.012041389	-0.17416678	0.010260144	-0.0047333106	-0.035420015	0.056023304	-0.051420616
3	Part_1_4	unknown	bom	0.046483876	1000	FREE	unmated	-0.30658538	0	0.030323362	0	0	0	-4.1421932	1.7860583	0.42007175	-0.1471961	-0.00039864178	0.0041777817	-0.012444968	0.012097352	0.009938654	-0.17415192	0.0047081422	0.010520692	-0.035314734	0.051594979	0.055939302
3	Part_1_1	unknown	bom	0.091184936	1000	ANCHOR	assembly-root-anchor	-0.026476355	0	-0.00028280965	0	0	0	-0.40785672	-0.0035567813	-0.0070283439	-0.24654822	-2.5129025e-05	3.825658e-05	0	0	0	0	0	0	0	0	0
3	Part_1_2	unknown	bom	0.013592119	1000	FREE	unmated	-0.7160305	0	-0.012326626	0	0	0	-25.305752	0.10474594	-0.43463422	-0.025975252	-0.0010741513	-0.0014571605	-0.019998309	-2.5388797e-05	-0.00025880165	-0.17348565	-0.014934572	-0.011892483	-0.079997017	-0.00017223631	-0.00046659167
3	Part_1_3	unknown	bom	0.046483876	1000	FREE	unmated	-0.30446091	0	0.12506817	0	0	0	-4.1101225	-0.47538198	1.7500517	-0.14954355	-0.004158606	-0.00024196371	-0.01237537	-0.0100819	0.012050125	-0.1741566	-0.010442591	0.0047089473	-0.03513006	-0.056181693	0.051534743
3	Part_1_6	unknown	bom	0.046483876	1000	FREE	unmated	-0.30836102	0	-0.035846917	0	0	0	-4.1662691	-1.9335872	-0.49718324	-0.14796291	0.00055185934	-0.0043455115	-0.012436732	-0.012046345	-0.010010657	-0.17416167	-0.0046884174	-0.010366899	-0.03535555	-0.051378598	-0.056134579
4	Part_1_5	unknown	bom	0.046483876	1000	FREE	unmated	-0.28576042	0	-0.13824109	0	0	0	-3.8394798	0.5283658	-1.934908	-0.15855066	0.0024834209	0.00079804384	-0.013627648	0.0088042525	-0.011694971	-0.1743069	0.0082652234	-0.0032451457	-0.049047663	0.064827556	-0.063115587
4	Part_1_4	unknown	bom	0.046483876	1000	FREE	unmated	-0.28373273	0	0.030852266	0	0	0	-3.8113854	2.1353688	0.42887371	-0.15827593	-0.0012675667	0.0027756396	-0.013557417	0.011880162	0.0086636128	-0.17429656	0.0030858505	0.0085398253	-0.048872151	0.063475141	0.064602914
4	Part_1_1	unknown	bom	0.091184936	1000	ANCHOR	assembly-root-anchor	-0.051991201	0	-0.00074997614	0	0	0	-1.0425778	-0.016579607	-0.018666596	-0.24246691	0.00043962908	0.00012975018	0	0	0	0	0	0	0	0	0
4	Part_1_2	unknown	bom	0.013592119	1000	FREE	unmated	-0.71256852	0	-0.028808278	0	0	0	-25.183092	-0.14601484	-1.0167421	-0.026156967	-0.0050101771	-0.0024371511	-0.019994753	-5.7691819e-05	-0.00045446516	-0.17289656	-0.019963206	-0.013038106	-0.099991769	-0.00022992813	-0.00092105683
4	Part_1_3	unknown	bom	0.046483876	1000	FREE	unmated	-0.28707569	0	0.15527327	0	0	0	-3.8585921	-0.37491209	2.1745654	-0.15784006	-0.0030133292	-0.0021607485	-0.013520706	-0.0087408665	0.011865402	-0.17429945	-0.0085675259	0.0028357164	-0.048650766	-0.06492256	0.063400145
4	Part_1_6	unknown	bom	0.046483876	1000	FREE	unmated	-0.29126449	0	-0.0359401	0	0	0	-3.9172698	-2.0537355	-0.50040404	-0.15776723	0.0012546227	-0.0024284184	-0.013603846	-0.011747263	-0.0087713833	-0.17430632	-0.0030832997	-0.0083392457	-0.048959396	-0.063125862	-0.064905963
5	Part_1_5	unknown	bom	0.046483876	1000	FREE	unmated	-0.30454243	0	-0.16032536	0	0	0	-4.1095835	-0.3511408	-2.2445449	-0.15122328	0.0044163514	0.0014572616	-0.014641933	0.0071660077	-0.011587154	-0.17435246	0.007614175	-0.0022326944	-0.063689595	0.071993564	-0.074702741
5	Part_1_4	unknown	bom	0.046483876	1000	FREE	unmated	-0.30822405	0	-0.026620184	0	0	0	-4.1626423	1.9097399	-0.37691403	-0.14967337	-0.0016400401	0.0044750984	-0.014709758	0.011558333	0.0070730447	-0.17434359	0.0020642247	0.0078608897	-0.063581909	0.075033474	0.071675959
5	Part_1_1	unknown	bom	0.091184936	1000	ANCHOR	assembly-root-anchor	-0.070626396	0	0.0021869353	0	0	0	-1.5008192	0.063202873	0.054568274	-0.24482379	-0.00045029698	-0.00051471284	0	0	0	0	0	0	0	0	0
5	Part_1_2	unknown	bom	0.013592119	1000	FREE	unmated	-0.75635333	0	-0.061239976	0	0	0	-26.72716	-0.023227101	-2.1567862	-0.031107836	-0.0032272078	-0.0097616884	-0.019982114	-4.4078438e-05	-0.00084450394	-0.17183114	-0.01931079	-0.023725405	-0.11997388	-0.00027400657	-0.0017655608
5	Part_1_3	unknown	bom	0.046483876	1000	FREE	unmated	-0.31552019	0	0.14857453	0	0	0	-4.266472	0.38059409	2.0797804	-0.14792289	-0.0038956185	-0.0010968061	-0.014659261	-0.0071014637	0.011604967	-0.17434856	-0.0077661447	0.0020022381	-0.063310027	-0.072024023	0.075005112
5	Part_1_6	unknown	bom	0.046483876	1000	FREE	unmated	-0.31172979	0	0.02943606	0	0	0	-4.2118029	-2.3673002	0.41604321	-0.14956102	0.0015111629	-0.0042077915	-0.014622802	-0.011670591	-0.0070690155	-0.17435303	-0.0020952355	-0.0076402509	-0.063582198	-0.074796452	-0.071974978
6	Part_1_5	unknown	bom	0.046483876	1000	FREE	unmated	-0.30027893	0	-0.15819065	0	0	0	-4.0469269	-0.75796337	-2.2139186	-0.15422979	0.005111835	0.00069731584	-0.015394517	0.0055875559	-0.011479898	-0.17437229	0.0072910317	-0.0016996398	-0.079084112	0.07758112	-0.08618264
6	Part_1_4	unknown	bom	0.046483876	1000	FREE	unmated	-0.30528837	0	-0.069827085	0	0	0	-4.1190485	1.8100153	-0.98358923	-0.15219448	-0.00061668472	0.006649132	-0.015630595	0.011255948	0.005384065	-0.17435057	0.0015785515	0.0078184089	-0.079212503	0.086289422	0.077060024
6	Part_1_1	unknown	bom	0.091184936	1000	ANCHOR	assembly-root-anchor	-0.083648288	0	-0.00018596281	0	0	0	-1.8291813	-0.021557447	-0.0049258288	-0.23831828	0.00025245063	0.00032946401	0	0	0	0	0	0	0	0	0
6	Part_1_2	unknown	bom	0.013592119	1000	FREE	unmated	-0.76032536	0	-0.066329084	0	0	0	-26.861647	0.3004505	-2.3469809	-0.037143659	-0.0032123119	0.00039060735	-0.019968272	3.9514962e-05	-0.0011254151	-0.1727022	-0.018279214	-0.01736557	-0.13994215	-0.00023449161	-0.0028909758
6	Part_1_3	unknown	bom	0.046483876	1000	FREE	unmated	-0.297251	0	0.14529102	0	0	0	-4.0036577	0.73140136	2.0329314	-0.15513574	-0.0047367165	-0.0001869018	-0.015440992	-0.0055862974	0.011417926	-0.17437142	-0.0073323605	0.0016087295	-0.078751019	-0.077610321	0.086423039
6	Part_1_6	unknown	bom	0.046483876	1000	FREE	unmated	-0.29532381	0	0.050054505	0	0	0	-3.9749228	-2.0826561	0.70422168	-0.15690763	0.00064959215	-0.0039167365	-0.01537863	-0.011504497	-0.0055807047	-0.17438318	-0.0015898817	-0.007051304	-0.078960828	-0.08630095	-0.077555683
7	Part_1_5	unknown	bom	0.046483876	1000	FREE	unmated	-0.30375288	0	-0.16572591	0	0	0	-4.1017906	-0.98964742	-2.3214719	-0.14796963	0.0047192467	0.0028259754	-0.015918499	0.0041319641	-0.011381049	-0.17438839	0.0070365339	-0.00095778083	-0.095002611	0.081713084	-0.097563688
7	Part_1_4	unknown	bom	0.046483876	1000	FREE	unmated	-0.30518515	0	-0.073251217	0	0	0	-4.1212475	2.2605306	-1.0287519	-0.14855133	-0.0027121471	0.0039053177	-0.016137337	0.011146555	0.0039167171	-0.17437642	0.00087004282	0.0073380883	-0.09534984	0.097435977	0.080976741
7	Part_1_1	unknown	bom	0.091184936	1000	ANCHOR	assembly-root-anchor	-0.091578194	0	0.00024774728	0	0	0	-2.0321579	-0.33704699	0.0060946418	-0.2313419	0.00040221546	2.8823659e-05	0	0	0	0	0	0	0	0	0
7	Part_1_2	unknown	bom	0.013592119	1000	FREE	unmated	-0.74737106	0	-0.084219115	0	0	0	-26.405294	0.39788871	-2.9808756	-0.035199724	0.0015142462	0.0013717944	-0.019946786	0.00011569712	-0.0014533895	-0.17359299	-0.013080753	-0.012494381	-0.15988894	-0.00011879449	-0.0043443654
7	Part_1_3	unknown	bom	0.046483876	1000	FREE	unmated	-0.29821191	0	0.15396965	0	0	0	-4.0237188	0.96466961	2.1565849	-0.14851857	-0.004852533	-0.0024189558	-0.015984099	-0.0041711073	0.011274326	-0.17438625	-0.0070905188	0.00094918551	-0.094735118	-0.081781428	0.097697365
7	Part_1_6	unknown	bom	0.046483876	1000	FREE	unmated	-0.30104872	0	0.073578228	0	0	0	-4.0635083	-2.2942973	1.0344677	-0.1484185	0.0032168568	-0.0050459351	-0.01590577	-0.011405796	-0.0041126977	-0.17439522	-0.00079618248	-0.0068858264	-0.094866599	-0.097706746	-0.08166838
8	Part_1_5	unknown	bom	0.046483876	1000	FREE	unmated	-0.29699953	0	-0.090443549	0	0	0	-4.0054596	-1.0655993	-1.2675261	-0.14981549	0.0049130332	0.0021442372	-0.016557515	0.0029571769	-0.010821451	-0.17439724	0.0068624325	-0.0005005562	-0.11156013	0.084670261	-0.10838514
8	Part_1_4	unknown	bom	0.046483876	1000	FREE	unmated	-0.29066845	0	-0.085573224	0	0	0	-3.9114066	0.95845565	-1.2049731	-0.15529129	-0.00019344614	0.0077311468	-0.016816268	0.010487599	0.0026876382	-0.17436927	0.0007208912	0.0075220053	-0.11216611	0.10792358	0.083664379
8	Part_1_1	unknown	bom	0.091184936	1000	ANCHOR	assembly-root-anchor	-0.095849222	0	0.00065834833	0	0	0	-2.1411052	0.27427404	0.016211998	-0.22795979	-0.0014581253	6.0121316e-05	0	0	0	0	0	0	0	0	0
8	Part_1_2	unknown	bom	0.013592119	1000	FREE	unmated	-0.74852802	0	-0.093496788	0	0	0	-26.445534	0.046243685	-3.3101589	-0.035890382	-0.0021303474	0.0024295052	-0.019923479	9.2811614e-05	-0.0017453909	-0.17389142	-0.012592749	-0.0080585408	-0.17981242	-2.5982878e-05	-0.0060897563
8	Part_1_3	unknown	bom	0.046483876	1000	FREE	unmated	-0.30390377	0	0.069080831	0	0	0	-4.1030003	1.2440248	0.96777776	-0.148871	-0.0055142549	-0.0012783953	-0.016732698	-0.002884103	0.010568764	-0.17439107	-0.007007502	0.00062664243	-0.11146782	-0.084665531	0.10826613
8	Part_1_6	unknown	bom	0.046483876	1000	FREE	unmated	-0.30795381	0	0.076190685	0	0	0	-4.1609609	-0.75037552	1.073373	-0.1475738	0.00069796699	-0.0074007097	-0.01672168	-0.010567045	-0.0029534719	-0.17438632	-0.00058449498	-0.0071283204	-0.11158828	-0.10827379	-0.084621852
9	Part_1_5	unknown	bom	0.046483876	1000	FREE	unmated	-0.28606102	0	-0.083814217	0	0	0	-3.8570765	-0.58261398	-1.1759281	-0.14515963	0.0037947815	0.0032961435	-0.017002432	0.002256593	-0.010287132	-0.17440824	0.0065959392	1.6340722e-05	-0.12856256	0.086926854	-0.11867227
9	Part_1_4	unknown	bom	0.046483876	1000	FREE	unmated	-0.31160995	0	-0.059760683	0	0	0	-4.2201963	1.3133237	-0.8371799	-0.13949093	-0.0027299594	0.0010772988	-0.017253011	0.0099494293	0.0018282372	-0.17439894	0.00025879866	0.0068327396	-0.12941912	0.11787301	0.085492617
9	Part_1_1	unknown	bom	0.091184936	1000	ANCHOR	assembly-root-anchor	-0.11088657	0	0.0014723359	0	0	0	-2.519493	0.077145503	0.036333243	-0.22124388	-7.6556551e-05	5.786388e-05	0	0	0	0	0	0	0	0	0
9	Part_1_2	unknown	bom	0.013592119	1000	FREE	unmated	-0.78183488	0	-0.10494906	0	0	0	-27.624101	-0.35650333	-3.713901	-0.035653352	-0.0016054805	0.00101323	-0.01989902	-6.2883961e-06	-0.0020072245	-0.17403113	-0.011821004	-0.0059306833	-0.19971144	-3.2271274e-05	-0.0080969808
9	Part_1_3	unknown	bom	0.046483876	1000	FREE	unmated	-0.29936156	0	0.082609892	0	0	0	-4.0419802	0.64957181	1.1600733	-0.14634174	-0.0034790807	-0.0042908684	-0.0171874	-0.0021365652	0.010001418	-0.17440529	-0.0066734391	-4.4536373e-05	-0.12865522	-0.086802096	0.11826755
9	Part_1_6	unknown	bom	0.046483876	1000	FREE	unmated	-0.30838111	0	0.048439515	0	0	0	-4.1724058	-1.4176388	0.6798637	-0.14210734	0.0046334952	-0.0021538424	-0.017133252	-0.010087503	-0.002166552	-0.17440734	0.00012937543	-0.0066185003	-0.12872153	-0.11836129	-0.086788404
10	Part_1_5	unknown	bom	0.046483876	1000	FREE	unmated	-0.29515635	0	-0.042983987	0	0	0	-3.990482	-1.3816793	-0.60036041	-0.13900556	0.0037929561	-0.0010219973	-0.017542169	0.0011885666	-0.0095320302	-0.17441517	0.0064091263	-0.00011590894	-0.14610473	0.088115421	-0.1282043
10	Part_1_4	unknown	bom	0.046483876	1000	FREE	unmated	-0.29872644	0	-0.11049074	0	0	0	-4.033203	0.73563036	-1.5485515	-0.14623303	-4.7127378e-05	0.0026924356	-0.017709492	0.0092672167	0.00070183566	-0.17441371	0.00022512848	0.0064459471	-0.14712861	0.12714022	0.086194452
10	Part_1_1	unknown	bom	0.091184936	1000	ANCHOR	assembly-root-anchor	-0.10958367	0	-0.01639872	0	0	0	-2.4973649	0.05281271	-0.40723045	-0.21116867	0.00081465875	0.0019101708	0	0	0	0	0	0	0	0	0
10	Part_1_2	unknown	bom	0.013592119	1000	FREE	unmated	-0.71072444	0	-0.095742532	0	0	0	-25.109578	-0.75315079	-3.3895466	-0.034430963	0.00026404756	0.0023672881	-0.019880262	-0.00015779646	-0.002179519	-0.17421928	-0.0099152774	-0.0033272734	-0.2195917	-0.00019006773	-0.0102765
10	Part_1_3	unknown	bom	0.046483876	1000	FREE	unmated	-0.31059646	0	0.11507493	0	0	0	-4.2038303	2.3685781	1.6112153	-0.1416773	-0.003630465	-0.0012194798	-0.017489673	-0.00048354572	0.009689042	-0.17441377	-0.0064452217	-0.00019556224	-0.14614489	-0.087285642	0.12795659
10	Part_1_6	unknown	bom	0.046483876	1000	FREE	unmated	-0.2947515	0	0.13524606	0	0	0	-3.9794062	-0.87664933	1.8960505	-0.14441706	0.0012769313	-0.0038434979	-0.017585715	-0.0094912075	-0.00081217101	-0.17441496	0.00027873252	-0.0064098006	-0.14630725	-0.1278525	-0.087600575
11	Part_1_5	unknown	bom	0.046483876	1000	FREE	unmated	-0.2750807	0	-0.061440874	0	0	0	-3.7013244	-2.1854048	-0.85717995	-0.14728776	0.0017521211	-0.0024299577	-0.017846123	-0.00020723253	-0.0090262367	-0.17443004	0.0059792367	-0.00039017097	-0.16395085	0.087908188	-0.13723054
11	Part_1_4	unknown	bom	0.046483876	1000	FREE	unmated	-0.3011341	0	-0.069485791	0	0	0	-4.0676403	0.23882439	-0.97545941	-0.14548103	0.0023737728	0.0032943041	-0.018148265	0.0084045592	6.2236057e-05	-0.17442205	0.00048212218	0.0062014558	-0.16527688	0.13554478	0.086256688
11	Part_1_1	unknown	bom	0.091184936	1000	ANCHOR	assembly-root-anchor	-0.11197192	0	-0.0051237422	0	0	0	-2.5473106	-0.20232956	-0.12765887	-0.22025221	0.00080379602	0.0010174846	0	0	0	0	0	0	0	0	0
11	Part_1_2	unknown	bom	0.013592119	1000	FREE	unmated	-0.76990589	0	-0.12817381	0	0	0	-27.20065	-1.4979247	-4.539622	-0.037080889	0.0025016571	0.0050890554	-0.019840864	-0.00041171356	-0.0024840678	-0.17439966	-0.0067918313	0.00060829938	-0.23943257	-0.00060178129	-0.012760568
11	Part_1_3	unknown	bom	0.046483876	1000	FREE	unmated	-0.28340452	0	0.041593439	0	0	0	-3.8219261	1.5900351	0.58075877	-0.14314322	-0.0064182913	0.0011686906	-0.017848805	0.00047456241	0.0090108232	-0.17440892	-0.0065779884	-3.8985987e-05	-0.16399369	-0.08681108	0.13696741
11	Part_1_6	unknown	bom	0.046483876	1000	FREE	unmated	-0.28515454	0	0.087152098	0	0	0	-3.8458929	-0.52147686	1.2242744	-0.1436608	-0.00049343421	-0.004942653	-0.017959714	-0.0088004586	-2.4313279e-05	-0.17441653	0.00019356828	-0.0063701709	-0.16426696	-0.13665296	-0.087624889
12	Part_1_5	unknown	bom	0.046483876	1000	FREE	unmated	-0.29060209	0	-0.050185577	0	0	0	-3.9185877	-1.5792404	-0.7002125	-0.14718179	0.00015330213	-0.0019262583	-0.018103228	-0.0010756509	-0.0084330376	-0.17444702	0.0054460786	-0.00056445681	-0.18205408	0.086832537	-0.14566358
12	Part_1_4	unknown	bom	0.046483876	1000	FREE	unmated	-0.27697379	0	-0.18539676	0	0	0	-3.7237402	0.68811587	-2.595804	-0.15135785	0.0028657885	0.001946231	-0.018319602	0.007900325	-0.0014060709	-0.17443398	0.00074839713	0.0058281832	-0.18359648	0.14344511	0.084850617
12	Part_1_1	unknown	bom	0.091184936	1000	ANCHOR	assembly-root-anchor	-0.11853352	0	0.010221389	0	0	0	-2.7129553	0.27323651	0.2538399	-0.21678781	-0.00029194319	-0.0012021194	0	0	0	0	0	0	0	0	0
12	Part_1_2	unknown	bom	0.013592119	1000	FREE	unmated	-0.76659202	0	-0.1307781	0	0	0	-27.08016	-2.4512787	-4.6328449	-0.04033229	0.0026148848	0.0061771329	-0.019798745	-0.00077892153	-0.0027208428	-0.17442789	-0.0041742518	0.0043850566	-0.25923131	-0.0013807028	-0.01548141
12	Part_1_3	unknown	bom	0.046483876	1000	FREE	unmated	-0.28670313	0	0.010586813	0	0	0	-3.8629505	1.7303354	0.14497367	-0.14826928	-0.0068735617	0.0031448195	-0.018198282	0.001393823	0.0081780055	-0.17440333	-0.0067176874	0.00030798745	-0.18219198	-0.085417256	0.14514542
12	Part_1_6	unknown	bom	0.046483876	1000	FREE	unmated	-0.30830603	0	0.137589	0	0	0	-4.1707159	-0.19723379	1.9261544	-0.14274675	-0.0005260243	-0.0011676111	-0.018322405	-0.0079487284	0.0010522265	-0.1744322	0.00011858922	-0.0059274244	-0.18258936	-0.14460169	-0.086572662
13	Part_1_5	unknown	bom	0.046483876	1000	FREE	unmated	-0.27276084	0	-0.055374484	0	0	0	-3.6692646	-3.9468793	-0.77383975	-0.14689072	0.0042130482	-0.00089620599	-0.018099187	-0.003113943	-0.0079197723	-0.17444806	0.0054081229	-0.00060735693	-0.20015327	0.083718594	-0.15358335
13	Part_1_4	unknown	bom	0.046483876	1000	FREE	unmated	-0.30323518	0	-0.18061976	0	0	0	-4.0988664	0.54313065	-2.5318842	-0.1436507	0.002435219	0.0048607627	-0.01844003	0.0072871614	-0.0026196487	-0.17443288	0.0009336084	0.0058343692	-0.20203651	0.15073227	0.082230969
13	Part_1_1	unknown	bom	0.091184936	1000	ANCHOR	assembly-root-anchor	-0.11090289	0	-0.0041383651	0	0	0	-2.5359184	0.034529245	-0.10251088	-0.20522171	0.0011927687	0.00022465348	0	0	0	0	0	0	0	0	0
13	Part_1_2	unknown	bom	0.013592119	1000	FREE	unmated	-0.7887401	0	-0.11175718	0	0	0	-27.864527	-3.3996677	-3.9559521	-0.039520041	0.0033812865	0.0022066365	-0.019773745	-0.0012176598	-0.0027415882	-0.17445079	-0.0016463319	0.0050945054	-0.27900506	-0.0025983626	-0.018222999
13	Part_1_3	unknown	bom	0.046483876	1000	FREE	unmated	-0.27777048	0	0.018672646	0	0	0	-3.7424259	2.2686315	0.26048407	-0.14381846	-0.003865714	0.00076206691	-0.018379566	0.0024915863	0.0074822161	-0.17440972	-0.0065469261	0.00035990583	-0.20057154	-0.08292567	0.15262763
13	Part_1_6	unknown	bom	0.046483876	1000	FREE	unmated	-0.29106241	0	0.084850639	0	0	0	-3.9280265	-0.28733401	1.1894132	-0.14418334	-0.0003695256	-0.0022808233	-0.018559845	-0.0072802281	0.0015907308	-0.17444113	7.0681845e-05	-0.0056593687	-0.20114921	-0.15188192	-0.084981931
14	Part_1_5	unknown	bom	0.046483876	1000	FREE	unmated	-0.29313879	0	0.061750589	0	0	0	-3.9619992	-1.5378969	0.87037567	-0.13926086	0.0007136407	-0.0064325995	-0.018492691	-0.0036427575	-0.0066895951	-0.17445552	0.0050618926	-0.0011792135	-0.21864596	0.080075837	-0.16027294
14	Part_1_4	unknown	bom	0.046483876	1000	FREE	unmated	-0.28272296	0	-0.1936441	0	0	0	-3.8097329	-0.29875665	-2.7134662	-0.14580094	0.0040888505	0.0042211643	-0.018571629	0.0063806867	-0.0037922872	-0.17443299	0.0012502941	0.0057716256	-0.22060814	0.15711295	0.078438681
14	Part_1_1	unknown	bom	0.091184936	1000	ANCHOR	assembly-root-anchor	-0.13479955	0	-0.013431286	0	0	0	-3.1246197	-0.35334579	-0.33275098	-0.20716413	0.00074034007	0.00077552983	0	0	0	0	0	0	0	0	0
14	Part_1_2	unknown	bom	0.013592119	1000	FREE	unmated	-0.73169046	0	-0.084878029	0	0	0	-25.846743	-3.308084	-3.0008826	-0.039002296	-0.0024605376	-0.0019322893	-0.019766085	-0.0015465119	-0.0026287248	-0.1744773	-0.0028005733	0.0034014742	-0.29877114	-0.0041448745	-0.020851723
14	Part_1_3	unknown	bom	0.046483876	1000	FREE	unmated	-0.28957871	0	-0.030675433	0	0	0	-3.9106174	2.0705707	-0.43233617	-0.14083415	-0.0040066223	0.0031608688	-0.018617345	0.0033491442	0.0064944357	-0.17441351	-0.0064238462	0.0006362338	-0.21918889	-0.079576526	0.15912207
14	Part_1_6	unknown	bom	0.046483876	1000	FREE	unmated	-0.26560566	0	0.11939171	0	0	0	-3.5719263	0.61578391	1.6710769	-0.1441219	-0.004109881	-0.00068562913	-0.018836095	-0.0062982813	0.0023522726	-0.17445287	-0.00033103533	-0.0052752	-0.2199853	-0.1581802	-0.082629659
15	Part_1_5	unknown	bom	0.046483876	1000	FREE	unmated	-0.28003281	0	0.010878576	0	0	0	-3.7605894	-0.70075922	0.15760299	-0.15730695	-0.0013985111	-0.0054024819	-0.018732309	-0.0036687046	-0.0059700256	-0.17446721	0.0045241106	-0.001570886	-0.23737827	0.076407132	-0.16624297
15	Part_1_4	unknown	bom	0.046483876	1000	FREE	unmated	-0.25621236	0	-0.15090378	0	0	0	-3.4410255	-0.62730086	-2.1118859	-0.14360252	0.0032574987	0.00061402565	-0.018689923	0.0054691492	-0.0045579824	-0.1744434	0.0014520608	0.0053974522	-0.23929806	0.1625821	0.073880699
15	Part_1_1	unknown	bom	0.091184936	1000	ANCHOR	assembly-root-anchor	-0.10937577	0	0.0020769169	0	0	0	-2.5077105	0.1409674	0.049501209	-0.19568461	-0.00063928856	0.0018330739	0	0	0	0	0	0	0	0	0
15	Part_1_2	unknown	bom	0.013592119	1000	FREE	unmated	-0.76019344	0	-0.068227389	0	0	0	-26.854023	-4.3949824	-2.41173	-0.040100561	-0.002567661	-0.0020185699	-0.019755447	-0.0019830546	-0.002406205	-0.17448066	-0.0038056292	0.00193878	-0.31852659	-0.0061279291	-0.023257928
15	Part_1_3	unknown	bom	0.046483876	1000	FREE	unmated	-0.28850744	0	-0.018456706	0	0	0	-3.8887466	1.7569626	-0.2609289	-0.14771694	-0.0029423516	0.0027039479	-0.018764195	0.0039302181	0.0056972234	-0.17442088	-0.0061972697	0.00083285919	-0.23795308	-0.075646308	0.16481929
15	Part_1_6	unknown	bom	0.046483876	1000	FREE	unmated	-0.29751111	0	0.17853048	0	0	0	-4.0187649	0.1470407	2.5011064	-0.14366766	-0.0027837143	-0.0033137325	-0.018911948	-0.0055402494	0.0034123126	-0.1744551	-0.00055976626	-0.0051813966	-0.23889725	-0.16372045	-0.079217346
16	Part_1_5	unknown	bom	0.046483876	1000	FREE	unmated	-0.25691303	0	0.090572273	0	0	0	-3.4496562	-1.7542876	1.2705506	-0.14477485	0.0014038057	-0.0033677379	-0.018941997	-0.0042803464	-0.0047832415	-0.17447063	0.0043228771	-0.0017477281	-0.25632026	0.072126786	-0.17102621
16	Part_1_4	unknown	bom	0.046483876	1000	FREE	unmated	-0.2658797	0	-0.22671727	0	0	0	-3.5879144	-1.2024324	-3.176487	-0.13196797	0.0039290027	0.0045201834	-0.018669431	0.0043008416	-0.005740655	-0.17444003	0.0016966936	0.0054351175	-0.25796749	0.16688295	0.068140044
16	Part_1_1	unknown	bom	0.091184936	1000	ANCHOR	assembly-root-anchor	-0.14582265	0	-0.026195126	0	0	0	-3.4063923	0.0088761924	-0.65015642	-0.19784482	3.2254597e-05	0.0027024899	0	0	0	0	0	0	0	0	0
16	Part_1_2	unknown	bom	0.013592119	1000	FREE	unmated	-0.74917331	0	-0.053689659	0	0	0	-26.46452	-4.3833017	-1.8981885	-0.039733721	-0.0053295896	-0.0012442741	-0.019748982	-0.0023113833	-0.0021529525	-0.17442534	-0.0060281229	0.00109821	-0.33827557	-0.0084393124	-0.025410881
16	Part_1_3	unknown	bom	0.046483876	1000	FREE	unmated	-0.25679838	0	-0.099018361	0	0	0	-3.4480726	2.2194905	-1.3876166	-0.14475443	-0.0021877517	0.0022658082	-0.018908354	0.0047409621	0.0044718467	-0.17442903	-0.0059429497	0.00096854903	-0.25686144	-0.070905346	0.16929114
16	Part_1_6	unknown	bom	0.046483876	1000	FREE	unmated	-0.25976589	0	0.13028584	0	0	0	-3.4930731	0.51364944	1.8247126	-0.14127191	-0.0021898467	-0.0019032134	-0.018997198	-0.0047656218	0.0040491131	-0.17446033	-0.00071007714	-0.0049831312	-0.25789445	-0.16848607	-0.075168233
17	Part_1_5	unknown	bom	0.046483876	1000	FREE	unmated	-0.27511713	0	0.10214466	0	0	0	-3.7185571	-2.4337552	1.4319988	-0.13056473	0.001045607	-0.0029084737	-0.019001313	-0.0051215623	-0.0035664718	-0.17447362	0.004143112	-0.0018792295	-0.27532158	0.067005223	-0.17459268
17	Part_1_4	unknown	bom	0.046483876	1000	FREE	unmated	-0.2234148	0	-0.071353292	0	0	0	-2.9974622	-1.0001244	-0.99954487	-0.12830024	0.0050846707	0.0012518481	-0.018817692	0.0034559727	-0.0058267241	-0.17444358	0.0020149168	0.0052075256	-0.27678518	0.17033892	0.06231332
17	Part_1_1	unknown	bom	0.091184936	1000	ANCHOR	assembly-root-anchor	-0.12008313	0	0.0025110101	0	0	0	-2.783838	0.012268099	0.060851161	-0.18420635	7.0184418e-05	0.0012124215	0	0	0	0	0	0	0	0	0
17	Part_1_2	unknown	bom	0.013592119	1000	FREE	unmated	-0.730064	0	-0.027841864	0	0	0	-25.787427	-4.655552	-0.98452819	-0.040777681	-0.0084593963	-0.00046128289	-0.019744926	-0.002624737	-0.0018024067	-0.17427905	-0.0093799821	0.00075540116	-0.35802049	-0.011064049	-0.027213288
17	Part_1_3	unknown	bom	0.046483876	1000	FREE	unmated	-0.26036507	0	-0.083342048	0	0	0	-3.517294	1.6314956	-1.1713795	-0.125434	-0.0034593935	0.0053536617	-0.019011921	0.005154217	0.0034613459	-0.17442874	-0.0058755342	0.0013540788	-0.27587336	-0.065751129	0.17275249
17	Part_1_6	unknown	bom	0.046483876	1000	FREE	unmated	-0.24409589	0	0.10674039	0	0	0	-3.2697836	1.0398088	1.4958083	-0.14532476	-0.0020886626	-0.0024197703	-0.01911035	-0.0038273931	0.0044883813	-0.17446379	-0.00083340439	-0.0048406449	-0.2770048	-0.17231346	-0.070679852
18	Part_1_5	unknown	bom	0.046483876	1000	FREE	unmated	-0.21203699	0	0.024639671	0	0	0	-2.8345222	-1.2139977	0.34814266	-0.13205503	-0.00026522504	-0.003412788	-0.019015698	-0.0053605523	-0.0031092946	-0.17447802	0.0038748192	-0.0020363547	-0.29433727	0.061644671	-0.17770198
18	Part_1_4	unknown	bom	0.046483876	1000	FREE	unmated	-0.244794	0	-0.098729801	0	0	0	-3.2954213	-1.2584028	-1.3851188	-0.12945418	0.0046245485	0.003805173	-0.018900349	0.0025062327	-0.0060411585	-0.17444067	0.0022643517	0.0052027095	-0.29568553	0.17284515	0.056272162
18	Part_1_1	unknown	bom	0.091184936	1000	ANCHOR	assembly-root-anchor	-0.14385592	0	-0.0063791597	0	0	0	-3.3655196	-0.25280339	-0.15735803	-0.19010684	0.0012452321	-0.00031298464	0	0	0	0	0	0	0	0	0
18	Part_1_2	unknown	bom	0.013592119	1000	FREE	unmated	-0.74125544	0	-0.0080644275	0	0	0	-26.179171	-5.0036908	-0.28373647	-0.04496448	-0.0063549554	-0.0015668498	-0.01973687	-0.0029158049	-0.0013978679	-0.17417611	-0.011154517	-4.2027182e-05	-0.37775737	-0.013979854	-0.028611155
18	Part_1_3	unknown	bom	0.046483876	1000	FREE	unmated	-0.23739061	0	-0.069395183	0	0	0	-3.1903396	0.64217279	-0.97788896	-0.13095624	-0.0056684661	0.0069915336	-0.019157997	0.0050783421	0.0026798459	-0.17442102	-0.0059752637	0.0018291965	-0.29503136	-0.060672787	0.17543233
18	Part_1_6	unknown	bom	0.046483876	1000	FREE	unmated	-0.23316319	0	0.0975685	0	0	0	-3.1312878	0.82748824	1.3679878	-0.13086286	-0.003429942	-0.0029218397	-0.019161969	-0.0030818103	0.0048292234	-0.17446414	-0.0010554313	-0.0047845263	-0.29616677	-0.17539527	-0.065850628
19	Part_1_5	unknown	bom	0.046483876	1000	FREE	unmated	-0.23550257	0	0.061475868	0	0	0	-3.1669486	-0.49175117	0.86054044	-0.127932	-0.0030330866	-0.00044094584	-0.019163269	-0.0051919606	-0.002410951	-0.17448829	0.003427811	-0.0019563674	-0.31350054	0.05645271	-0.18011293
19	Part_1_4	unknown	bom	0.046483876	1000	FREE	unmated	-0.24957715	0	-0.036519841	0	0	0	-3.3622712	-1.7525336	-0.50912571	-0.12952469	0.0038543797	-0.0018178126	-0.019087368	0.0013925167	-0.0058080365	-0.17445088	0.0024314047	0.0047666454	-0.3147729	0.17423767	0.050464125
19	Part_1_1	unknown	bom	0.091184936	1000	ANCHOR	assembly-root-anchor	-0.14159598	0	0.0028156005	0	0	0	-3.3082007	0.037261163	0.070713471	-0.19156773	-0.00098205858	-0.0011214555	0	0	0	0	0	0	0	0	0
19	Part_1_2	unknown	bom	0.013592119	1000	FREE	unmated	-0.71636652	0	0.0039071934	0	0	0	-25.298665	-4.3534209	0.13787515	-0.044949269	-0.0067579612	0.00035353538	-0.019741688	-0.0030357397	-0.0010247054	-0.17406111	-0.012824108	0.00011551486	-0.39749905	-0.017015594	-0.029635861
19	Part_1_3	unknown	bom	0.046483876	1000	FREE	unmated	-0.2292015	0	0.0058697614	0	0	0	-3.08353	-0.98482948	0.081844991	-0.12319325	0.0024962547	0.00027794539	-0.019390784	0.0041953112	0.0025292047	-0.17443872	-0.0054596655	0.0017514498	-0.31442214	-0.056477476	0.17796154
19	Part_1_6	unknown	bom	0.046483876	1000	FREE	unmated	-0.24561612	0	0.13640194	0	0	0	-3.3036952	2.4839084	1.91125	-0.13268248	-0.0024239624	-0.0028713062	-0.019197603	-0.0015288323	0.0053958046	-0.17446494	-0.0011789683	-0.0047260777	-0.31536437	-0.1769241	-0.060454824
