/*--------------------------------*- C++ -*----------------------------------*\
  =========                 |
  \\      /  F ield         | OpenFOAM: The Open Source CFD Toolbox
   \\    /   O peration     | Website:  https://openfoam.org
    \\  /    A nd           | Version:  11
     \\/     M anipulation  |
\*---------------------------------------------------------------------------*/
FoamFile
{
    format      ascii;
    class       cellSet;
    location    "constant/polyMesh/sets";
    object      concaveCells;
}
// * * * * * * * * * * * * * * * * * * * * * * * * * * * * * * * * * * * * * //


1708
(
221186 
221187 
507908 
221188 
507912 
229391 
499732 
499734 
229401 
229403 
237600 
237602 
237603 
237604 
237606 
507943 
507944 
507947 
507953 
507954 
507962 
507964 
507966 
507968 
507999 
508000 
508001 
508009 
221299 
508020 
221303 
229505 
229515 
229517 
237715 
237719 
508065 
508067 
508069 
508071 
508072 
499884 
499885 
499890 
508110 
508112 
499921 
508115 
499927 
499928 
508123 
508126 
499934 
508129 
221412 
221418 
229618 
229628 
229631 
508166 
237830 
237831 
237832 
508169 
508170 
508179 
508180 
499989 
508182 
499990 
508184 
499992 
500017 
500021 
508231 
508235 
508237 
508239 
508241 
221525 
221528 
221533 
221534 
229733 
229741 
508270 
508271 
229744 
508275 
508276 
508280 
508291 
508295 
508297 
500108 
500112 
508333 
508334 
508337 
508338 
508343 
508344 
221639 
508363 
508364 
508367 
221649 
229847 
229854 
229857 
508389 
508390 
508393 
508394 
508410 
500218 
500220 
508413 
508414 
500222 
500224 
508417 
508422 
508423 
508424 
508427 
508428 
508451 
508453 
508454 
508456 
508457 
508459 
508462 
508463 
508467 
508468 
508469 
500279 
508472 
500281 
221753 
500283 
221755 
500285 
508478 
221760 
221764 
229961 
508493 
229969 
229970 
508516 
508520 
508522 
508524 
508526 
508528 
508559 
508560 
508563 
508565 
508566 
508569 
508570 
500379 
508572 
500383 
508576 
508585 
508587 
221867 
508589 
508591 
221874 
221878 
230076 
230079 
230080 
230082 
500420 
500424 
508629 
508630 
508633 
500449 
508643 
508645 
500453 
508647 
500457 
500459 
500482 
500486 
508684 
508686 
213776 
508689 
213777 
213778 
508698 
508700 
221981 
508702 
221988 
221992 
230191 
230192 
230193 
230194 
230195 
508755 
508756 
508758 
500573 
500577 
213889 
213893 
508810 
508812 
508815 
222095 
222102 
222106 
508852 
508855 
508856 
508865 
508867 
508871 
500683 
500685 
500687 
500689 
508907 
508908 
508911 
508912 
214002 
214008 
508921 
508923 
508925 
508927 
222209 
500738 
222211 
500740 
500742 
500744 
222216 
222219 
508963 
508964 
508967 
508968 
508970 
508973 
508974 
508980 
508995 
214115 
509029 
500838 
214119 
214120 
500842 
214123 
214124 
509040 
222323 
509044 
509049 
509050 
222331 
222332 
509053 
509055 
509056 
509059 
509060 
509061 
509062 
509065 
509066 
509071 
500879 
500881 
500884 
509091 
509095 
509096 
509097 
509100 
500908 
509101 
500910 
509103 
500911 
509106 
509107 
500916 
509112 
509113 
509116 
509118 
509122 
500937 
509133 
214229 
214232 
214235 
214237 
214238 
214239 
222438 
222441 
222442 
222445 
509167 
509171 
509173 
509175 
509177 
509179 
501008 
501014 
501015 
509217 
509218 
509221 
509223 
509224 
509227 
509228 
509230 
509234 
509244 
509247 
509249 
214343 
501067 
214349 
501070 
214351 
214352 
501073 
214353 
222553 
222558 
509287 
509288 
509291 
509301 
509303 
509305 
304516 
304517 
304518 
509343 
509344 
509346 
509356 
509359 
509360 
214457 
214459 
214465 
214466 
214467 
222668 
222669 
222670 
222671 
501216 
501218 
501219 
509419 
509421 
509423 
304630 
304631 
304632 
501255 
501261 
501262 
501264 
501268 
206366 
509471 
206367 
206368 
509475 
509477 
214571 
214577 
501299 
214579 
214580 
214581 
501303 
509513 
509514 
501322 
501323 
509516 
509518 
501333 
509527 
509529 
501337 
509531 
509533 
501343 
304744 
304745 
304746 
509569 
509570 
509573 
509574 
509583 
206479 
509585 
509587 
206483 
509589 
214685 
214688 
214691 
214693 
214694 
509618 
509619 
509622 
509623 
509625 
509628 
509629 
501442 
509635 
501448 
501449 
509646 
304858 
304859 
501498 
501500 
206592 
509702 
206598 
509711 
509712 
214800 
509713 
214803 
214804 
509717 
509718 
214807 
509721 
509722 
509723 
509724 
509726 
509727 
501547 
501549 
509752 
509753 
296764 
509757 
296765 
509758 
296766 
296767 
509763 
509764 
509766 
509767 
509770 
509771 
501591 
509786 
509787 
501597 
509790 
501598 
509791 
206706 
509816 
509817 
206713 
509820 
501635 
214915 
509828 
501637 
509830 
501640 
214920 
509834 
501668 
501674 
501675 
296877 
501678 
296878 
296879 
509872 
296880 
509873 
501681 
296881 
501682 
509876 
509878 
501686 
509879 
509891 
509895 
501704 
509897 
501707 
501710 
501714 
501716 
206819 
509926 
206823 
509929 
206827 
509932 
509934 
501749 
215030 
215032 
215033 
509947 
509948 
509950 
509952 
296991 
296995 
509997 
510004 
510006 
510008 
206933 
206937 
206938 
206941 
501854 
510047 
510048 
501856 
510050 
215145 
510059 
510061 
510062 
510065 
501887 
501889 
501892 
297104 
297105 
510101 
297109 
510102 
297110 
510104 
510106 
501920 
510115 
510116 
501924 
501926 
510119 
501927 
510120 
501933 
501940 
501941 
501945 
501946 
501947 
501959 
501960 
207048 
501962 
207051 
501966 
207054 
510171 
510173 
510174 
510177 
501987 
501989 
510207 
510208 
502016 
510210 
502018 
297218 
510211 
297219 
502020 
502022 
297223 
297224 
502025 
510227 
510231 
502049 
502051 
502052 
502059 
198956 
198957 
198958 
207162 
510269 
510270 
510272 
502080 
207168 
502081 
510274 
510276 
502086 
502087 
502088 
510299 
510301 
289126 
289127 
289128 
289129 
510325 
297333 
510326 
297336 
510329 
297337 
510330 
510346 
510350 
510353 
510356 
510357 
510360 
510363 
510364 
199069 
199070 
199071 
199072 
199073 
207277 
510383 
207282 
510389 
510390 
510393 
510394 
510396 
510400 
510418 
510422 
289239 
289244 
510439 
297447 
510440 
297448 
297449 
297450 
510443 
297451 
510453 
510457 
199183 
199184 
199186 
199187 
199188 
510488 
510489 
510491 
207392 
207394 
207395 
510500 
510502 
510504 
510506 
510528 
510530 
510532 
510534 
510536 
289352 
510537 
289355 
289358 
510543 
297562 
297563 
510556 
297564 
510557 
510560 
510562 
510591 
199296 
199297 
510594 
510596 
510597 
199301 
199302 
510599 
207507 
510613 
510616 
510617 
289466 
289469 
510654 
289470 
510656 
289472 
510657 
510659 
510670 
510672 
510674 
199410 
199411 
510710 
199415 
510712 
199416 
510713 
510715 
510724 
510726 
510728 
510730 
289579 
289582 
510768 
510769 
289585 
510770 
510771 
289587 
510787 
510789 
510791 
510793 
199525 
510822 
510824 
199529 
510826 
510827 
510829 
510850 
281488 
281489 
281490 
281491 
289693 
289696 
289699 
289701 
510893 
510895 
510913 
510921 
510922 
510923 
510926 
199639 
199640 
199641 
199642 
199643 
510941 
510942 
510944 
510962 
281601 
281606 
289808 
289810 
289811 
289812 
289814 
511011 
511012 
511017 
511018 
511023 
511024 
511025 
511030 
511031 
511033 
199754 
199755 
199756 
511053 
199757 
511054 
511059 
511089 
281714 
281717 
281718 
511097 
281721 
289922 
289925 
289926 
289928 
511131 
511133 
511135 
511144 
511146 
191661 
511150 
199869 
511186 
511188 
511189 
511191 
511194 
511195 
281827 
511207 
511209 
511211 
281835 
281836 
511213 
290037 
290041 
511249 
511251 
511252 
511254 
511256 
511257 
511258 
191774 
191775 
511264 
191776 
511277 
511279 
511281 
511283 
511312 
511314 
511315 
511317 
281941 
511319 
281943 
511320 
511321 
281949 
281950 
511327 
281951 
290152 
290153 
290154 
511340 
511342 
191888 
191889 
191890 
511382 
511383 
511385 
511387 
511389 
511403 
273850 
273851 
273852 
273853 
282055 
282062 
282063 
282064 
282065 
511446 
511448 
511468 
511470 
192002 
192003 
192004 
511494 
511495 
511497 
511515 
511524 
511526 
511529 
273963 
273968 
282169 
282176 
282177 
282178 
282179 
511592 
511593 
511598 
511599 
511604 
511605 
511606 
511611 
511612 
511614 
511634 
511636 
274076 
274079 
274080 
274083 
282283 
282285 
511662 
511664 
511665 
511667 
282291 
282292 
282293 
511684 
511687 
511689 
511711 
511713 
511714 
511716 
511725 
511727 
274189 
274197 
274198 
511768 
282397 
511774 
282405 
282406 
511832 
511834 
511858 
511860 
511861 
511863 
274303 
274305 
274310 
511879 
274313 
511887 
282512 
511889 
511890 
282515 
511892 
282516 
282518 
511907 
511908 
511910 
511928 
511935 
511937 
511942 
274417 
274428 
520195 
282627 
512007 
282631 
512012 
512013 
512014 
512020 
512040 
512041 
512042 
512047 
512052 
512053 
512054 
512055 
512056 
512075 
512077 
512083 
266325 
512086 
266326 
266327 
512088 
266328 
266329 
512092 
512093 
512094 
512095 
512096 
512098 
274530 
512099 
512101 
512104 
274539 
274540 
274542 
282742 
282743 
282744 
512124 
512132 
512135 
512137 
512141 
512142 
512143 
512144 
512145 
512146 
512147 
512148 
512173 
512175 
512180 
512181 
512182 
512187 
512188 
512189 
266438 
266444 
512208 
274645 
274653 
274654 
274656 
266551 
266554 
266557 
266559 
266560 
274759 
274767 
274770 
266665 
266667 
266672 
266675 
274873 
274880 
274883 
266779 
266790 
274987 
274989 
274995 
274996 
258689 
258690 
258691 
266892 
266905 
275102 
275104 
275105 
275106 
275108 
258802 
258806 
267006 
267008 
267019 
275217 
275221 
258915 
258918 
258921 
267120 
267122 
267133 
275332 
275333 
275334 
259028 
259034 
259036 
259037 
259038 
267234 
267245 
267247 
259142 
259149 
259153 
267348 
267357 
267358 
267360 
259255 
259265 
259268 
267463 
267470 
267473 
251167 
251168 
251169 
259369 
259382 
267577 
267585 
267586 
251279 
251280 
251284 
251285 
259483 
259485 
259495 
259497 
267692 
267695 
267696 
267698 
251392 
251396 
251397 
251400 
259597 
259611 
267807 
267808 
267809 
267810 
267811 
251506 
251508 
251514 
251515 
251516 
259711 
259722 
259723 
251619 
251627 
251631 
259824 
259835 
259837 
497407 
251733 
251735 
251744 
251746 
259939 
259947 
259950 
497538 
243644 
243645 
243646 
251847 
251849 
251859 
497621 
260053 
251861 
260055 
260061 
260062 
260063 
497638 
497701 
243756 
243757 
243761 
243762 
251961 
251963 
251974 
260168 
260171 
260172 
260174 
497762 
497806 
497807 
243869 
243873 
497826 
243877 
252074 
252076 
252087 
260283 
260284 
260286 
260287 
506070 
506071 
506077 
506097 
506099 
497907 
506103 
506104 
506105 
506106 
506110 
506111 
506112 
506113 
506127 
243983 
506130 
506131 
506132 
506133 
243989 
506135 
243991 
506136 
243992 
506137 
243993 
252187 
506143 
506145 
506146 
506148 
252201 
506154 
260399 
506174 
497983 
506176 
506177 
497985 
506179 
506180 
506182 
506184 
506185 
506186 
506192 
506195 
506197 
506201 
506203 
506222 
506223 
506224 
506225 
506226 
506231 
506232 
506236 
506237 
506238 
506239 
244097 
498053 
244104 
244108 
252302 
506258 
506264 
506265 
506266 
252314 
506267 
506271 
506272 
506273 
498086 
498099 
506336 
506337 
506339 
506340 
506341 
506342 
506346 
506348 
506351 
244210 
244221 
244223 
252416 
506372 
506373 
506374 
506375 
506376 
252424 
252425 
252427 
506381 
506383 
506386 
506403 
506405 
506406 
506423 
506424 
506426 
506434 
506442 
506443 
506444 
506446 
236121 
244324 
506474 
506476 
244336 
506482 
252530 
244338 
252537 
252538 
252539 
252540 
498314 
506516 
506518 
506527 
506529 
506530 
506532 
506556 
506559 
506561 
236233 
236234 
236236 
236237 
506580 
506582 
244438 
244440 
244451 
252644 
506598 
252647 
506601 
252650 
506603 
252652 
506618 
506621 
506624 
506625 
506627 
506630 
506632 
506637 
506638 
506642 
498455 
506664 
236346 
236352 
244551 
244553 
506707 
506708 
244565 
506710 
506711 
252759 
506712 
252760 
506713 
252764 
506717 
252765 
506719 
506722 
506739 
506741 
506742 
506759 
506761 
506764 
506778 
236459 
236462 
236465 
236467 
236468 
236469 
506808 
244665 
506810 
244667 
506812 
244677 
244679 
506825 
506827 
252875 
252876 
252877 
506857 
506860 
506862 
506868 
506869 
506877 
506879 
506881 
506883 
236573 
236575 
506913 
506916 
236580 
506918 
236584 
506922 
506923 
244779 
506924 
506925 
506929 
506931 
244792 
506940 
506942 
506944 
506946 
506983 
498792 
506986 
506988 
498799 
506992 
506993 
498801 
506994 
506995 
506999 
498807 
507001 
507010 
507014 
507016 
236687 
236695 
236696 
236699 
244894 
498848 
498850 
244902 
244903 
498856 
244905 
498860 
507053 
507056 
507058 
507062 
507063 
498883 
507077 
498885 
507079 
498912 
498913 
507109 
507112 
507113 
498927 
498932 
507129 
507132 
507135 
236801 
498946 
498953 
498954 
236811 
498956 
236813 
245008 
245010 
245015 
245016 
245017 
245018 
507167 
498981 
507178 
507181 
498989 
507184 
507187 
507190 
507191 
507192 
507197 
507198 
507202 
228709 
228710 
228711 
228712 
228713 
507246 
507247 
236914 
507253 
236926 
236928 
245122 
245125 
507271 
245128 
245130 
507275 
507276 
507277 
507279 
507280 
507284 
507286 
499094 
507289 
507303 
499129 
507333 
507335 
507337 
507346 
507348 
507350 
228822 
507352 
499164 
228828 
237028 
499184 
237040 
499185 
237042 
245237 
507382 
499190 
245238 
499191 
507384 
245242 
507387 
245243 
499198 
507393 
499202 
499206 
499208 
507402 
507404 
507406 
507408 
499233 
507438 
507439 
507441 
507449 
507458 
507460 
507462 
228935 
228939 
228940 
499277 
499279 
228943 
228944 
237142 
237155 
245353 
245354 
245355 
507501 
507504 
507506 
499317 
507514 
507516 
499324 
507557 
507560 
507562 
507570 
507572 
499380 
499382 
507576 
229049 
229051 
229059 
237256 
507605 
237269 
507606 
507611 
507615 
507626 
507628 
499436 
507630 
499438 
507632 
507661 
507663 
507667 
507672 
499480 
507673 
507678 
499486 
499487 
507689 
229163 
507693 
229170 
229174 
237371 
237382 
499528 
499532 
507732 
507735 
507736 
507752 
499563 
507756 
499564 
499567 
499578 
499582 
499586 
507780 
507781 
507784 
507785 
499607 
507805 
229277 
507808 
507811 
507812 
229285 
229286 
229289 
507818 
237485 
237487 
237493 
237494 
237495 
507838 
507842 
507844 
507845 
507848 
507849 
507851 
507852 
507855 
507856 
507873 
499681 
507875 
507876 
507894 
507895 
507898 
)

// ************************************************************************* //
