# Quasi-dynamic assembly motion log
# dt=0.0007 s, default_mass=0.05 kg, default_inertia=0.0001 kg m^2
# Rigid-body motion is driven by OpenFOAM forces.dat/log loads, with panel fallback only if OpenFOAM loads are unavailable.
# Optional non-rigid deformation is logged separately in assembly_deformation_log.txt.
step	patch	material	material_source	mass_kg	density_kg_m3	mate_type	freedom_source	Cd	Cs	Cl	CmRoll	CmPitch	CmYaw	Fx_N	Fy_N	Fz_N	Mx_Nm	My_Nm	Mz_Nm	dx_m	dy_m	dz_m	droll_rad	dpitch_rad	dyaw_rad	total_x_m	total_y_m	total_z_m
0	Part_1_5	Foamcore	bom	0.030844281	663	COLLISION_IMPACTOR	collision-convergence-moving	nan	0	nan	0	0	0	-8.9916105	-0.51389118	-0.51283282	5.332434e-06	0.020093054	-0.020080772	-0.0013997055	-8.0169222e-06	-8.0004112e-06	3.4967067e-07	0.00075516555	-0.00075540705	-0.28687995	0.0092907459	0.0019082993
0	Part_1_4	Foamcore	bom	0.030844281	663	COLLISION_IMPACTOR	collision-convergence-moving	nan	0	nan	0	0	0	-8.9916105	0.51283282	-0.51389118	5.332434e-06	0.020080772	0.020093054	-0.0013997055	8.0004112e-06	-8.0169222e-06	3.4967067e-07	0.00075540705	0.00075516555	-0.28687995	0.0093067633	0.0019082828
0	Part_1_1	Tungsten	bom	1.7916899	19600	COLLISION_IMPACTOR	collision-convergence-moving	nan	0	nan	0	0	0	-5.4784408	1.4792636e-06	9.6910191e-11	2.7125843e-12	-6.6938528e-12	-2.1970976e-07	-3.4125971e-06	4.045451e-13	2.6502742e-17	3.251332e-15	-1.6562124e-15	-5.4361223e-11	-0.28548366	0.0092987629	0.0019162997
0	Part_1_2	Foamcore	bom	0.0090718474	663	COLLISION_IMPACTOR	collision-convergence-moving	nan	0	nan	0	0	0	-55.524615	7.0789446e-14	9.9298184e-15	4.0937945e-22	5.6378513e-18	-1.0928758e-16	-0.0070099272	3.5946789e-18	5.042349e-19	2.2617691e-23	6.2199896e-19	-1.2057211e-17	-0.29249017	0.0092987629	0.0019162997
0	Part_1_3	Foamcore	bom	0.030844281	663	COLLISION_IMPACTOR	collision-convergence-moving	nan	0	nan	0	0	0	-8.9916105	0.51389118	0.51283282	5.332434e-06	-0.020093054	0.020080772	-0.0013997055	8.0169222e-06	8.0004112e-06	3.4967067e-07	-0.00075516555	0.00075540705	-0.28687995	0.0093067798	0.0019243001
0	Part_1_6	Foamcore	bom	0.030844281	663	COLLISION_IMPACTOR	collision-convergence-moving	nan	0	nan	0	0	0	-8.9916105	-0.51283282	0.51389118	5.332434e-06	-0.020080772	-0.020093054	-0.0013997055	-8.0004112e-06	8.0169222e-06	3.4967067e-07	-0.00075540705	-0.00075516555	-0.28687995	0.0092907624	0.0019243166
0	Part_1_1_2	ABS	bom	20.198468	1052	COLLISION_TARGET	collision-convergence-stationary	nan	0	nan	0	0	0	nan	nan	nan	0	0	0	0	0	0	0	0	0	0	0	0
1	Part_1_5	Foamcore	bom	0.030844281	663	COLLISION_IMPACTOR	collision-convergence-moving	nan	0	nan	0	0	0	-8.8677139	-0.50468013	-0.5036369	5.2617023e-06	0.01981702	-0.019804887	-0.0027722949	-1.5745908e-05	-1.571342e-05	6.922991e-07	0.0014957253	-0.0014962027	-0.21965225	0.009275	0.0018925859
1	Part_1_4	Foamcore	bom	0.030844281	663	COLLISION_IMPACTOR	collision-convergence-moving	nan	0	nan	0	0	0	-8.8677139	0.5036369	-0.50468013	5.2617023e-06	0.019804887	0.01981702	-0.0027722949	1.571342e-05	-1.5745908e-05	6.922991e-07	0.0014962027	0.0014957253	-0.21965225	0.0093224767	0.0018925369
1	Part_1_1	Tungsten	bom	1.7916899	19600	COLLISION_IMPACTOR	collision-convergence-moving	nan	0	nan	0	0	0	-5.4782548	1.479159e-06	9.6906738e-11	2.7124903e-12	-6.6935875e-12	-2.1970095e-07	-6.8250501e-06	8.0905051e-13	5.3003816e-17	6.5025291e-15	-3.3123478e-15	-1.0871989e-10	-0.21549048	0.0092987629	0.0019162997
1	Part_1_2	Foamcore	bom	0.0090718474	663	COLLISION_IMPACTOR	collision-convergence-moving	nan	0	nan	0	0	0	-51.823063	6.6075484e-14	9.2685788e-15	3.8211915e-22	6.4683502e-17	-7.2251233e-17	-0.013412256	6.734796e-18	9.4470723e-19	4.338292e-23	7.7487156e-18	-1.9843724e-17	-0.23590243	0.0092987629	0.0019162997
1	Part_1_3	Foamcore	bom	0.030844281	663	COLLISION_IMPACTOR	collision-convergence-moving	nan	0	nan	0	0	0	-8.8677139	0.50468013	0.5036369	5.2617023e-06	-0.01981702	0.019804887	-0.0027722949	1.5745908e-05	1.571342e-05	6.922991e-07	-0.0014957253	0.0014962027	-0.21965225	0.0093225257	0.0019400135
1	Part_1_6	Foamcore	bom	0.030844281	663	COLLISION_IMPACTOR	collision-convergence-moving	nan	0	nan	0	0	0	-8.8677139	-0.5036369	0.50468013	5.2617023e-06	-0.019804887	-0.01981702	-0.0027722949	-1.571342e-05	1.5745908e-05	6.922991e-07	-0.0014962027	-0.0014957253	-0.21965225	0.009275049	0.0019400625
1	Part_1_1_2	ABS	bom	20.198468	1052	COLLISION_TARGET	collision-convergence-stationary	nan	0	nan	0	0	0	nan	nan	nan	0	0	0	0	0	0	0	0	0	0	0	0
2	Part_1_5	Foamcore	bom	0.030844281	663	COLLISION_IMPACTOR	collision-convergence-moving	nan	0	nan	0	0	0	-8.6685832	-0.48812438	-0.48710944	5.5230734e-06	0.01937235	-0.019375521	-0.0041168712	-2.8398486e-05	-1.9885951e-05	0.00020655149	0.0024241363	-0.0018690566	-0.15376912	0.0092466015	0.0018726999
2	Part_1_4	Foamcore	bom	0.030844281	663	COLLISION_IMPACTOR	collision-convergence-moving	nan	0	nan	0	0	0	-8.668401	0.48713973	-0.48814637	4.9984436e-06	0.019368104	0.019383188	-0.0041176037	3.0410442e-05	-2.9703257e-05	0.00011067816	0.0017666725	0.0017047255	-0.15376985	0.0093528871	0.0018628336
2	Part_1_1	Tungsten	bom	1.7916899	19600	COLLISION_IMPACTOR	collision-convergence-moving	nan	0	nan	0	0	0	-5.4779484	1.5169379e-06	-7.3468766e-09	2.3087563e-12	-2.597015e-10	-2.2095661e-07	-1.0229932e-05	-1.1543385e-09	2.2701416e-10	9.0465382e-10	6.8000304e-09	3.4049689e-08	-0.14550071	0.0092987617	0.0019162999
2	Part_1_2	Foamcore	bom	0.0090718474	663	COLLISION_IMPACTOR	collision-convergence-moving	nan	0	nan	0	0	0	-46.381649	5.9140228e-14	8.2957527e-15	3.1908951e-22	-1.0443662e-08	-5.3736882e-08	-0.019155042	9.3347762e-18	1.3094087e-18	6.0718953e-23	7.0385741e-08	3.6216322e-07	-0.18505747	0.0092987629	0.0019162997
2	Part_1_3	Foamcore	bom	0.030844281	663	COLLISION_IMPACTOR	collision-convergence-moving	nan	0	nan	0	0	0	-8.6684296	0.48815495	0.48710269	5.2325785e-06	-0.019381746	0.019368596	-0.0041174267	2.5754832e-05	2.9250507e-05	-0.00039375255	-0.0018025839	0.0020182116	-0.15376967	0.0093482805	0.001969264
2	Part_1_6	Foamcore	bom	0.030844281	663	COLLISION_IMPACTOR	collision-convergence-moving	nan	0	nan	0	0	0	-8.6686035	-0.48710617	0.48812887	4.8225937e-06	-0.019361199	-0.019386379	-0.0041168341	-2.7699869e-05	2.0325373e-05	-0.00017962086	-0.002398664	-0.0019140415	-0.15376908	0.0092473492	0.0019603879
2	Part_1_1_2	ABS	bom	20.198468	1052	COLLISION_TARGET	collision-convergence-stationary	nan	0	nan	0	0	0	nan	nan	nan	0	0	0	0	0	0	0	0	0	0	0	0
3	Part_1_5	Foamcore	bom	0.030844281	663	COLLISION_IMPACTOR	collision-convergence-moving	nan	0	nan	0	0	0	-8.4259655	-0.46663636	-0.46424783	1.0659511e-06	0.018842077	-0.018848585	-0.0054336821	-3.5167271e-05	-2.677063e-05	0.00020568503	0.0031165618	-0.0025651316	-0.089202801	0.0092114343	0.0018459293
3	Part_1_4	Foamcore	bom	0.030844281	663	COLLISION_IMPACTOR	collision-convergence-moving	nan	0	nan	0	0	0	-8.4252665	0.46602088	-0.46678777	5.5631796e-06	0.018843792	0.018848018	-0.0054341101	3.3771634e-05	-4.2135708e-05	0.00032921957	0.0021312893	0.002603992	-0.089203962	0.0093866588	0.0018206979
3	Part_1_1	Tungsten	bom	1.7916899	19600	COLLISION_IMPACTOR	collision-convergence-moving	nan	0	nan	0	0	0	-5.4775635	1.6398029e-06	-1.9602828e-08	1.2741596e-12	-3.4670319e-10	-2.229823e-07	-1.3638475e-05	-3.0946514e-09	2.5623848e-10	2.6344956e-09	8.2422985e-09	8.6577299e-08	-0.075514353	0.0092987586	0.0019163002
3	Part_1_2	Foamcore	bom	0.0090718474	663	COLLISION_IMPACTOR	collision-convergence-moving	nan	0	nan	0	0	0	-40.398568	-3.7117105e-06	7.2136398e-07	1.4085633e-22	-1.5879836e-08	-8.1708205e-08	-0.024250197	-1.8848017e-10	3.6630771e-11	6.7571242e-23	6.755591e-08	3.4760259e-07	-0.13930767	0.0092987627	0.0019162997
3	Part_1_3	Foamcore	bom	0.030844281	663	COLLISION_IMPACTOR	collision-convergence-moving	nan	0	nan	0	0	0	-8.4253037	0.46628098	0.46572166	6.5853829e-06	-0.018856566	0.018838282	-0.0054346994	3.603814e-05	4.1672805e-05	-7.080111e-05	-0.0021325416	0.0025051199	-0.089204374	0.0093843187	0.0020109368
3	Part_1_6	Foamcore	bom	0.030844281	663	COLLISION_IMPACTOR	collision-convergence-moving	nan	0	nan	0	0	0	-8.4260033	-0.46553508	0.46530641	8.4393378e-06	-0.018831435	-0.018858977	-0.0054336462	-3.4464042e-05	2.721866e-05	-0.00017826149	-0.0030914908	-0.0026097659	-0.089202728	0.0092128851	0.0019876066
3	Part_1_1_2	ABS	bom	20.198468	1052	COLLISION_TARGET	collision-convergence-stationary	nan	0	nan	0	0	0	nan	nan	nan	0	0	0	0	0	0	0	0	0	0	0	0
