# Per-step geometry/movement diagnostic. If dx/drot stay zero, the motion solver is not moving that part.
step	patch	coeff_source	load_source	force_N	moment_Nm	moved_m	rotated_rad	cofr_x	cofr_y	cofr_z	bbox_xmin	bbox_xmax	bbox_ymin	bbox_ymax	bbox_zmin	bbox_zmax
0	Part_1_5	Part_1_5	panel-aero-fallback-after-zero-openfoam	9.0208725	0.028407187	0.0013997513	0.0010681362	-0.29984925	-0.0096502057	-0.0054943017	-0.32986112	-0.26984398	-0.028677133	0.0093767114	-0.024552096	0.013563494
0	Part_1_4	Part_1_4	panel-aero-fallback-after-zero-openfoam	9.0208725	0.028407187	0.0013997513	0.0010681362	-0.29984925	0.028326406	-0.0055252056	-0.32986112	-0.26984398	0.0092686106	0.047384201	-0.024552133	0.013501711
0	Part_1_1	Part_1_1	panel-aero-fallback-after-zero-openfoam	5.4784408	2.1970976e-07	3.4125971e-06	5.4361223e-11	-0.26392109	0.0093535755	0.013478552	-0.31845299	-0.20938919	-0.0091464245	0.027853575	-0.0050214477	0.031978552
0	Part_1_2	Part_1_2	panel-aero-fallback-after-zero-openfoam	55.524615	1.094329e-16	0.0070099272	1.2073243e-17	-0.33695947	0.0093535523	0.013478552	-0.33845947	-0.33545947	-0.028646448	0.047353552	-0.024521448	0.051478552
0	Part_1_3	Part_1_3	panel-aero-fallback-after-zero-openfoam	9.0208725	0.028407187	0.0013997513	0.0010681362	-0.29984925	0.028357309	0.032451407	-0.32986112	-0.26984398	0.0093303922	0.047384237	0.013393611	0.051509201
0	Part_1_6	Part_1_6	panel-aero-fallback-after-zero-openfoam	9.0208725	0.028407187	0.0013997513	0.0010681362	-0.29984925	-0.0096193018	0.03248231	-0.32986112	-0.26984398	-0.028677096	0.009438494	0.013455393	0.051509238
0	Part_1_1_2	Part_1_1_2	zero-forceCoeffs	nan	0	0	0	0.084063534	0.0093535523	0.013478552	-0.20938578	0.37751285	-0.39064645	0.40935355	-0.27997076	0.30692787
1	Part_1_5	Part_1_5	panel-aero-fallback-after-zero-openfoam	8.8963309	0.028016921	0.0027723841	0.0021156127	-0.23262155	-0.0096659516	-0.0055100151	-0.26265682	-0.20260593	-0.028737778	0.0094058146	-0.024612668	0.013592613
1	Part_1_4	Part_1_4	panel-aero-fallback-after-zero-openfoam	8.8963309	0.028016921	0.0027723841	0.0021156127	-0.23262155	0.02834212	-0.0055409515	-0.26265682	-0.20260593	0.009239492	0.047444773	-0.024612778	0.013530815
1	Part_1_1	Part_1_1	panel-aero-fallback-after-zero-openfoam	5.4782548	2.1970095e-07	6.8250501e-06	1.087199e-10	-0.19392792	0.0093535755	0.013478552	-0.24845982	-0.13939602	-0.0091464245	0.027853575	-0.0050214477	0.031978552
1	Part_1_2	Part_1_2	panel-aero-fallback-after-zero-openfoam	51.823063	9.6975234e-17	0.013412256	2.1302957e-17	-0.28037173	0.0093535523	0.013478552	-0.28187173	-0.27887173	-0.028646448	0.047353552	-0.024521448	0.051478552
1	Part_1_3	Part_1_3	panel-aero-fallback-after-zero-openfoam	8.8963309	0.028016921	0.0027723841	0.0021156127	-0.23262155	0.028373055	0.03246712	-0.26265681	-0.20260593	0.0093012889	0.047444882	0.013364492	0.051569773
1	Part_1_6	Part_1_6	panel-aero-fallback-after-zero-openfoam	8.8963309	0.028016921	0.0027723841	0.0021156127	-0.23262155	-0.0096350152	0.032498056	-0.26265682	-0.20260593	-0.028737668	0.0094676126	0.01342629	0.051569883
1	Part_1_1_2	Part_1_1_2	zero-forceCoeffs	nan	0	0	0	0.084063534	0.0093535523	0.013478552	-0.20938578	0.37751285	-0.39064645	0.40935355	-0.27997076	0.30692787
2	Part_1_5	Part_1_5	panel-aero-fallback-after-zero-openfoam	8.695969	0.027398883	0.0041170172	0.0030679754	-0.16673842	-0.0096943501	-0.0055299011	-0.19680765	-0.13669958	-0.02882616	0.0094360186	-0.024701359	0.013644911
2	Part_1_4	Part_1_4	panel-aero-fallback-after-zero-openfoam	8.6957903	0.027401304	0.0041178231	0.0024575334	-0.16673915	0.02837253	-0.0055706548	-0.19680147	-0.13671087	0.0092324892	0.047524233	-0.024697572	0.013554818
2	Part_1_1	Part_1_1	panel-aero-fallback-after-zero-openfoam	5.4779484	2.2095676e-07	1.0229932e-05	3.4733848e-08	-0.12393815	0.0093535743	0.013478553	-0.17847005	-0.069406248	-0.0091464272	0.027853575	-0.0050214475	0.031978553
2	Part_1_2	Part_1_2	panel-aero-fallback-after-zero-openfoam	46.381649	5.4742328e-08	0.019155042	3.689395e-07	-0.22952677	0.0093535523	0.013478552	-0.23102679	-0.22802676	-0.028646448	0.047353553	-0.024521448	0.051478552
2	Part_1_3	Part_1_3	panel-aero-fallback-after-zero-openfoam	8.6958171	0.027400631	0.0041176112	0.0027345069	-0.16673897	0.02839881	0.03249637	-0.19680416	-0.13670715	0.0092753499	0.047523733	0.01334836	0.051660547
2	Part_1_6	Part_1_6	panel-aero-fallback-after-zero-openfoam	8.6959892	0.027398681	0.0041169774	0.0030739889	-0.16673838	-0.0096627151	0.032518382	-0.19680768	-0.13670073	-0.028826192	0.0094854513	0.013375147	0.051658761
2	Part_1_1_2	Part_1_1_2	zero-forceCoeffs	nan	0	0	0	0.084063534	0.0093535523	0.013478552	-0.20938578	0.37751285	-0.39064645	0.40935355	-0.27997076	0.30692787
3	Part_1_5	Part_1_5	panel-aero-fallback-after-zero-openfoam	8.4516371	0.026651324	0.0054338619	0.0040416784	-0.1021721	-0.0097295173	-0.0055566717	-0.13228565	-0.072105828	-0.028942187	0.009481719	-0.024817697	0.013710918
3	Part_1_4	Part_1_4	panel-aero-fallback-after-zero-openfoam	8.4510462	0.026652136	0.0054343784	0.0033810581	-0.10217326	0.028406302	-0.0056127905	-0.13227249	-0.072123596	0.0091860203	0.047629905	-0.024809853	0.01358284
3	Part_1_1	Part_1_1	panel-aero-fallback-after-zero-openfoam	5.4775635	2.2298257e-07	1.3638475e-05	8.7008647e-08	-0.053951786	0.0093535712	0.013478553	-0.10848369	0.00058011382	-0.0091464343	0.027853572	-0.0050214473	0.031978554
3	Part_1_2	Part_1_2	panel-aero-fallback-after-zero-openfoam	40.398568	8.3237011e-08	0.024250197	3.5410643e-07	-0.18377697	0.0093535521	0.013478552	-0.185277	-0.18227694	-0.028646449	0.047353553	-0.024521448	0.051478553
3	Part_1_3	Part_1_3	panel-aero-fallback-after-zero-openfoam	8.4510388	0.026654287	0.0054349786	0.0032906492	-0.10217367	0.028434848	0.032538043	-0.13227501	-0.07212068	0.0092375927	0.047633569	0.01333743	0.051767543
3	Part_1_6	Part_1_6	panel-aero-fallback-after-zero-openfoam	8.4516722	0.026651154	0.0054338237	0.0040496877	-0.10217203	-0.0096971791	0.0325456	-0.1322857	-0.072108059	-0.028942335	0.0095320389	0.013310288	0.05177532
3	Part_1_1_2	Part_1_1_2	zero-forceCoeffs	nan	0	0	0	0.084063534	0.0093535523	0.013478552	-0.20938578	0.37751285	-0.39064645	0.40935355	-0.27997076	0.30692787
